
        DETAILS FOR VOI "HVA"

RandomEffectsAnalysis: No

TypeOfStatistic:       t(818)

NrOfVoxels:            734

Summary statistics for VMP 1:

AbsStatMinValue:       0.006014
AbsStatMaxValue:       5.535892

AvgStatValue:          1.703144
AvgPValue:              0.194461

StatWeightedMass:      1250.107666
PWeightedMass:         142.734360

ListOfVOIVoxels:

 x   y   z     StatValue 1   p         StatValue 2   p         StatValue 3   p         StatValue 4   p
---------------------------------------------------------------------------------------------------------
152 262 217    -0.940763   0.347111    1.628469   0.103811    0.918592   0.358577    1.877741   0.060771
152 264 218    -1.712601   0.087165   -0.418758   0.675496    1.111881   0.266515    0.727120   0.467375
152 265 218    -2.189244   0.028861    1.168975   0.242748    1.184228   0.236667    1.951423   0.051348
152 262 219    -1.040638   0.298346   -0.972505   0.331091    0.640194   0.522221   -0.662961   0.507535
152 263 219     0.352687   0.724405   -2.040078   0.041663    0.366858   0.713814   -0.800509   0.423646
152 262 220    -1.606554   0.108539   -0.589088   0.555950   -2.187554   0.028984   -1.634797   0.102476
152 263 220    -0.584032   0.559386   -1.286978   0.198469   -0.679763   0.496844   -2.251367   0.024627
152 264 220    -1.081325   0.279875   -0.973797   0.330442   -0.153129   0.878324   -0.753431   0.451400
152 269 220     0.150787   0.880094   -0.236814   0.812872    1.423348   0.155017   -1.058705   0.290050
152 270 220     0.253986   0.799568    0.813141   0.416378    1.439012   0.150530    0.018795   0.984248
152 262 221    -0.413648   0.679268    0.182560   0.855244    0.022015   0.982389   -1.333238   0.182825
152 263 221    -0.832013   0.405644   -0.405887   0.684942   -0.925449   0.355013   -1.498745   0.134327
152 268 221    -1.059969   0.289473    0.245251   0.806366   -1.844571   0.065460   -0.429602   0.667575
152 269 221     0.305491   0.760062   -0.044322   0.964786    0.758688   0.448247   -0.035915   0.971606
152 270 221     0.852292   0.394306   -0.147006   0.883193    1.225852   0.220609   -0.416701   0.676989
152 271 221    -0.984964   0.324937   -0.441355   0.659044   -0.527299   0.598153   -1.287075   0.198435
152 262 222    -0.018428   0.984248    0.120594   0.904086    1.003052   0.316133   -0.319521   0.749395
152 263 222     0.119186   0.905051    0.915084   0.360405    1.325840   0.185259    0.357220   0.721009
152 266 222    -1.072120   0.283993   -0.097978   0.921952   -2.027135   0.042973   -2.244216   0.025085
152 269 222    -0.574582   0.565748    1.005623   0.314891    0.266303   0.790030    0.145011   0.884642
152 270 222    -0.551843   0.581225   -0.213962   0.830620    0.584204   0.559245   -1.029410   0.303592
152 271 222    -0.696937   0.486046   -0.512078   0.608751   -0.111788   0.910898   -1.258811   0.208461
152 262 223     0.261841   0.793515   -0.143308   0.886110   -0.719495   0.472037   -0.445078   0.656379
152 263 223    -1.589521   0.112331   -0.057653   0.954097    0.424922   0.671024   -1.024334   0.305978
152 269 223     0.032530   0.974481    2.076674   0.038144   -0.584402   0.559105    0.024976   0.979921
152 270 223    -0.209712   0.833851    0.098871   0.921361    1.201509   0.229906   -1.026219   0.305102
152 271 223     1.597059   0.110640    1.333509   0.182735    2.205986   0.027662   -0.042901   0.965677
153 263 216    -0.670665   0.502627    0.079944   0.936321    0.682337   0.495213   -0.407799   0.683490
153 262 217    -0.450797   0.652215    1.096468   0.273195    0.243537   0.807602    0.152735   0.878701
153 263 217    -1.666028   0.096091   -1.916731   0.055622    0.815544   0.415005    0.069110   0.944908
153 264 217    -0.816833   0.414253   -0.624912   0.532220    1.487628   0.137235    1.188144   0.235120
153 266 217     0.915028   0.360447    0.497213   0.619206   -0.740752   0.459068   -0.098736   0.921361
153 262 218    -1.008994   0.313272    2.776110   0.005627    0.861866   0.389019   -0.631361   0.527972
153 263 218    -1.712954   0.087099    0.354159   0.723319    1.269790   0.204518   -0.790656   0.429388
153 264 218    -0.639735   0.522543   -0.443613   0.657450    1.818166   0.069404   -0.007304   0.994430
153 265 218     0.467222   0.640431    1.909531   0.056543    1.586357   0.113044    1.316488   0.188377
153 266 218     0.150490   0.880477    1.100104   0.271612   -0.545461   0.585588    0.202811   0.839294
153 263 219    -0.315047   0.752834    0.114166   0.909019    1.960902   0.050229   -0.385034   0.700316
153 266 219    -0.949931   0.342431    0.074810   0.940328   -1.288248   0.198019   -0.252725   0.800609
153 263 220     0.346773   0.728851   -0.283702   0.776686    1.205457   0.228374    0.594781   0.552170
153 264 220    -0.330073   0.741442   -1.646149   0.100119    0.252982   0.800311    0.368928   0.712282
153 271 220     0.384951   0.700363   -0.740945   0.458928    1.695118   0.090433    0.090525   0.927908
153 267 221    -2.496151   0.012751    0.140983   0.887871   -1.155915   0.248059    0.444992   0.656458
153 268 221    -0.685402   0.493275    1.190430   0.234223   -0.869035   0.385073    0.560754   0.575113
153 269 221     0.006014   0.994430    2.888473   0.003973    1.545486   0.122612    1.047294   0.295282
153 270 221    -0.684256   0.494017    1.281956   0.200220    1.211058   0.226219    1.278831   0.201315
153 271 221    -0.980973   0.326906    0.754706   0.450643    1.622937   0.104990   -1.522512   0.128266
153 266 222    -1.166822   0.243626    0.286931   0.774199    0.273731   0.784336   -0.192734   0.847199
153 267 222    -1.063564   0.287843    1.133484   0.257340   -1.422517   0.155256    0.591877   0.554096
153 268 222     0.065484   0.947790   -1.285546   0.198960    0.626139   0.531401   -0.577466   0.563773
153 269 222     1.193141   0.233161    3.145530   0.001718    3.871937   0.000117   -0.020859   0.983292
153 270 222     0.169867   0.865133    2.014697   0.044262    1.368117   0.171651    0.922458   0.356554
153 271 222    -0.696694   0.486199    0.706114   0.480319    1.585444   0.113255   -0.230215   0.817977
153 268 223    -1.545076   0.122716   -1.049533   0.294252   -1.233969   0.217563   -1.628135   0.103881
153 269 223    -1.039236   0.299001    0.340375   0.733654    0.530915   0.595628   -1.982233   0.047787
153 270 223    -0.730722   0.465164    2.259987   0.024084    2.059674   0.039746    0.015486   0.987547
153 271 223     0.392621   0.694658    0.634756   0.525784    0.545933   0.585281    0.271249   0.786331
153 269 224     1.551714   0.121116   -1.818681   0.069325    1.248444   0.212229    1.428066   0.153657
153 263 225     1.054430   0.292004    2.479724   0.013349    0.888370   0.374602    0.180604   0.856826
153 268 225    -0.481831   0.630029    0.192722   0.847199   -0.183923   0.854200   -0.556128   0.578273
153 269 225    -0.081703   0.935119   -1.035238   0.300866   -0.638223   0.523486    0.762895   0.445737
153 270 225     1.052949   0.292673   -0.716801   0.473713    1.554352   0.120486    1.729807   0.084042
154 263 216    -0.041381   0.967059   -0.493082   0.622091    0.582634   0.560286    1.425101   0.154514
154 264 216    -0.046956   0.962652   -0.469988   0.638497   -0.079117   0.936808    1.136408   0.256113
154 262 217     0.756409   0.449636    0.104079   0.917164    0.756305   0.449674    0.526443   0.598700
154 263 217    -0.864384   0.387635   -2.710174   0.006866   -0.062656   0.950216   -0.016666   0.986358
154 264 217    -1.543456   0.123108   -0.097091   0.922746    0.583236   0.559892    0.971317   0.331666
154 265 217    -1.027025   0.304709    0.029161   0.976374   -0.802626   0.422413    0.343181   0.731507
154 266 217     1.212157   0.225809   -0.549765   0.582621    0.183467   0.854513   -0.037806   0.970014
154 264 218    -0.696921   0.486046   -1.142876   0.253423   -0.327630   0.743235    0.486342   0.626884
154 265 218    -0.575897   0.564830   -0.624727   0.532348   -0.174172   0.861792    0.561708   0.574491
154 266 218    -0.021648   0.982389    0.335385   0.737405   -0.119099   0.905376   -0.275418   0.783041
154 262 219     0.441399   0.659044    0.861720   0.389096    0.826444   0.408808    1.088404   0.276733
154 265 219    -1.611345   0.107488   -0.360315   0.718721   -1.267870   0.205206   -0.826280   0.408892
154 266 219    -2.649685   0.008212    0.815261   0.415159   -1.052066   0.293077   -1.338435   0.181130
154 262 220     0.111712   0.911244    1.785695   0.074518    2.226832   0.026230    0.820639   0.412093
154 263 220    -0.384675   0.700598    1.600181   0.109944   -0.269698   0.787440    1.038359   0.299405
154 265 220     0.589881   0.555423   -0.627836   0.530305   -1.963673   0.049906    0.035943   0.971606
154 266 220    -0.883386   0.377275    0.238605   0.811440   -0.671438   0.502141   -0.323753   0.746237
154 267 220    -1.410256   0.158844   -0.385466   0.700035    0.230209   0.817977   -0.491421   0.623247
154 262 221    -0.209504   0.834123   -1.351237   0.176991   -1.243454   0.214052    0.015700   0.987547
154 263 221    -0.117789   0.906355    1.888650   0.059292    0.712520   0.476350   -0.499944   0.617242
154 264 221    -0.770186   0.441402    1.305791   0.191995    0.242177   0.808690    0.865697   0.386907
154 265 221     2.298642   0.021777   -0.783865   0.433343    0.122287   0.902655    1.317457   0.188053
154 266 221     1.676870   0.093951   -0.341507   0.732793    0.851574   0.394704    1.505736   0.132524
154 267 221     2.006109   0.045173   -0.703622   0.481891    1.634590   0.102520    1.768824   0.077296
154 271 221     0.985185   0.324827    0.233485   0.815446   -1.310268   0.190473    1.035624   0.300690
154 262 222     0.125097   0.900626   -0.946575   0.344135   -1.754871   0.079654    1.520365   0.128804
154 264 222     0.452809   0.650816    1.142324   0.253645    1.471182   0.141628    0.342087   0.732417
154 265 222     1.130711   0.258511   -0.382490   0.702200    1.101778   0.270878    0.829912   0.406822
154 266 222    -0.061225   0.951475   -0.299738   0.764483    0.126303   0.899550    1.489200   0.136822
154 267 222    -0.493477   0.621812    0.472301   0.636834    1.179752   0.238448    0.965756   0.334460
154 268 222     1.962442   0.050049    1.945868   0.052013    2.667639   0.007790    1.726092   0.084710
154 270 222     1.360842   0.173942   -0.307766   0.758308    1.498753   0.134322    0.567414   0.570582
154 271 222     3.197604   0.001439    1.045462   0.296112    0.460235   0.645479    0.898993   0.368930
154 266 223     0.296616   0.766854   -1.058005   0.290366   -3.182412   0.001516    0.035575   0.971606
154 267 223    -0.450609   0.652371    0.572745   0.566956   -1.034996   0.300976   -0.507961   0.611632
154 268 223     0.913134   0.361443    2.170547   0.030252    3.299733   0.001010    0.733895   0.463233
154 269 223     1.228538   0.219605    0.965570   0.334548    3.164954   0.001608    0.110338   0.912290
154 270 223     1.130339   0.258666   -0.269643   0.787510    0.763673   0.445280    0.138000   0.890216
154 271 223     3.016980   0.002632    1.219715   0.222921    0.342053   0.732417    1.284272   0.199412
154 267 224    -0.329046   0.742225    1.296044   0.195324    0.041426   0.967059    0.992255   0.321370
154 263 225     1.917043   0.055581    1.521510   0.128517    1.030761   0.302969    1.515779   0.129960
154 264 225     0.540155   0.589238    1.028016   0.304239    0.274003   0.784131    2.073329   0.038454
154 268 225    -0.409860   0.682046   -1.474163   0.140824    0.939263   0.347870    0.913413   0.361289
154 269 225     0.881682   0.378217   -1.091889   0.275213    2.461164   0.014054    0.036363   0.970535
155 266 217    -0.110031   0.912466   -0.463888   0.642830    0.775715   0.438132    1.124804   0.261001
155 263 218    -1.730274   0.083959   -0.738214   0.460590    0.824163   0.410083   -0.010933   0.990353
155 264 218    -1.638448   0.101714   -0.825246   0.409478    0.061266   0.951475   -0.311892   0.755197
155 263 219    -1.050887   0.293621    0.936844   0.349114   -0.897885   0.369509    1.204670   0.228680
155 265 219    -0.749893   0.453548    1.429635   0.153199    0.090094   0.928337   -1.634279   0.102583
155 266 219     0.049608   0.960633    1.951479   0.051341    2.811289   0.005052    0.388697   0.697610
155 262 220    -0.491103   0.623457    1.391253   0.164523   -0.008594   0.994430    0.959849   0.337413
155 263 220    -0.398739   0.690204    1.211279   0.226134   -0.706008   0.480383   -0.052525   0.958340
155 265 220     0.480070   0.631290    2.158351   0.031190    0.249575   0.802935   -0.967171   0.333739
155 266 220    -0.592813   0.553462    1.766028   0.077766    1.635753   0.102278   -0.265534   0.790665
155 263 221     0.233786   0.815284   -0.112056   0.910726   -0.687761   0.491797   -0.157082   0.875227
155 265 221     0.615896   0.538119    0.506897   0.612340    0.078655   0.937545    0.500382   0.616967
155 267 221    -1.124219   0.261250   -0.956016   0.339354   -0.842603   0.399698   -1.744732   0.081409
155 269 221    -0.303347   0.761648    1.348632   0.177829    1.158981   0.246799    0.721964   0.470516
155 270 221     0.552661   0.580651    0.008426   0.994430    2.129601   0.033502    2.090531   0.036878
155 271 221     0.230364   0.817895    0.322768   0.746922   -1.109506   0.267538    1.884825   0.059808
155 262 222    -0.973722   0.330492   -0.927283   0.354055   -1.142800   0.253458    0.211311   0.832677
155 263 222     1.020651   0.307718   -0.167127   0.867295   -0.207432   0.835766    0.416765   0.676947
155 264 222     1.257521   0.208925    0.058655   0.953428    1.480223   0.139202    0.470131   0.638386
155 265 222    -0.182753   0.855035    0.246860   0.805139    0.943423   0.345731    0.174793   0.861243
155 267 222    -0.029801   0.975726   -0.437131   0.662100   -1.078873   0.280963    0.051728   0.958713
155 269 222    -0.405562   0.685163    1.360204   0.174141    1.546316   0.122413   -0.791667   0.428794
155 270 222    -0.102993   0.917911    0.363752   0.716105    2.658000   0.008014    0.359609   0.719228
155 271 222    -0.482458   0.629598    0.615480   0.538381    0.162927   0.870549    0.808867   0.418832
155 264 223     1.503376   0.133127    0.574746   0.565633    0.361387   0.717913    0.506459   0.612644
155 265 223    -0.588503   0.556367    0.223457   0.823241    0.512778   0.608252   -1.201948   0.229725
155 267 223     1.051616   0.293290    0.224504   0.822395   -0.137301   0.890776    0.214389   0.830266
155 268 223     0.777263   0.437224    2.256592   0.024296    2.957879   0.003187    0.348475   0.727534
155 269 223     0.312541   0.754722    1.591921   0.111786    3.307348   0.000983   -0.089057   0.928986
155 270 223     0.682266   0.495258    0.988080   0.323407    0.965535   0.334561   -0.008456   0.994430
155 271 223    -0.333916   0.738504    0.409777   0.682089    2.889575   0.003960    0.258485   0.796044
155 264 224    -0.053998   0.956879    0.106621   0.915144   -0.617398   0.537154    0.998982   0.318091
155 265 224     0.174919   0.861243   -0.175260   0.860915    0.338166   0.735277    1.285088   0.199126
155 264 225    -1.152410   0.249491    0.872909   0.382976   -0.299232   0.764855    0.081309   0.935358
156 263 218    -0.635253   0.525433   -1.032266   0.302258   -2.842257   0.004591   -1.722070   0.085436
156 264 218    -0.662720   0.507700   -1.851377   0.064475   -1.768327   0.077380   -0.367380   0.713467
156 264 219     0.849639   0.395788   -1.865714   0.062438   -0.114213   0.909019   -1.402973   0.161008
156 265 219    -0.488374   0.625395    0.206206   0.836687    0.171278   0.864010    0.037379   0.970014
156 266 219     0.029047   0.976374    0.413091   0.679656    1.213309   0.225362    0.107019   0.914782
156 267 219     0.306800   0.759093   -0.241028   0.809550    2.564314   0.010516    0.830688   0.406390
156 262 220    -0.106892   0.914963   -1.025808   0.305281   -1.019906   0.308070   -0.188230   0.850809
156 263 220     1.763391   0.078207    1.060662   0.289159    0.729444   0.465940    0.605087   0.545289
156 264 220     2.269088   0.023523    0.856601   0.391917    2.484709   0.013165   -0.361123   0.718065
156 265 220     1.649795   0.099371   -0.187906   0.851012    1.560320   0.119073   -1.454629   0.146152
156 266 220    -0.533189   0.594041    0.632677   0.527115    1.334630   0.182368    0.809111   0.418693
156 267 220     0.039256   0.968998   -1.353133   0.176383    0.295650   0.767608   -0.443252   0.657688
156 262 221     0.162465   0.871020   -0.298372   0.765478   -0.630818   0.528326    0.354566   0.723010
156 263 221     1.105865   0.269101    0.748332   0.454471   -0.835362   0.403763    0.475204   0.634742
156 264 221    -0.127432   0.898638    0.441225   0.659164    0.587423   0.557063    1.635289   0.102372
156 265 221     0.868620   0.385303   -0.332318   0.739774    0.138894   0.889521   -1.351918   0.176771
156 265 222     0.180598   0.856826    1.721812   0.085480    1.616170   0.106443    1.395815   0.163148
156 268 223    -1.229105   0.219389   -0.925679   0.354890    0.892407   0.372439   -0.800414   0.423699
156 269 223    -0.372707   0.709442    0.055429   0.955815    1.307161   0.191524   -0.534957   0.592809
157 264 219    -0.716917   0.473628   -1.735762   0.082981   -0.132340   0.894777   -0.103271   0.917724
157 265 219    -1.065760   0.286846   -0.285554   0.775308   -0.793160   0.427915    0.307354   0.758609
157 266 219    -1.315421   0.188733    1.424026   0.154823    0.510082   0.610121    0.186508   0.852033
157 267 219    -1.126851   0.260137    0.565927   0.571606   -0.571768   0.567649   -0.751111   0.452804
157 268 219    -0.814809   0.415416   -1.240183   0.215266   -1.728678   0.084243    0.022615   0.982389
157 262 220    -0.561867   0.574373   -0.538733   0.590236   -0.297995   0.765790   -0.965497   0.334586
157 264 220    -1.245328   0.213365   -0.518674   0.604124    0.162404   0.871020    0.211925   0.832227
157 265 220    -2.014290   0.044306   -0.853400   0.393687   -1.920105   0.055191   -0.182096   0.855559
157 266 220    -2.813636   0.005016   -1.146475   0.251936   -1.104675   0.269618   -1.978150   0.048247
157 267 220     0.118697   0.905538   -0.077289   0.938292    0.404581   0.685871   -1.752654   0.080036
157 268 220    -1.177491   0.239340   -1.660960   0.097104   -1.310856   0.190277   -0.617960   0.536764
157 263 221     0.216830   0.828415   -0.575499   0.565117    0.374924   0.707841    1.240852   0.215011
157 264 221    -2.338922   0.019579   -1.142317   0.253663   -0.363291   0.716506    0.677774   0.498120
157 265 221    -1.793214   0.073306   -0.701959   0.482908   -1.544860   0.122766    0.381888   0.702673
157 269 221    -0.914426   0.360755   -1.175937   0.239962   -0.058361   0.953428    0.505169   0.613591
157 270 221     0.508537   0.611228   -0.544328   0.586388   -1.714511   0.086812   -0.636026   0.524933
157 263 222    -1.056824   0.290903   -1.301021   0.193622   -2.253626   0.024483   -0.315037   0.752834
157 266 222    -0.463211   0.643358   -0.143982   0.885440    0.177912   0.858747    0.570577   0.568430
157 269 222     0.026590   0.978432    0.880674   0.378757    1.460008   0.144677    1.806542   0.071200
157 270 222     1.249338   0.211899    1.280762   0.200636    0.867478   0.385934    1.086565   0.277557
157 271 222     1.462276   0.144051    1.371070   0.170730    1.229697   0.219165    1.001350   0.316957
157 266 223     0.419345   0.675071   -0.093431   0.925592    0.893587   0.371795    0.503253   0.614951
157 267 223    -0.877440   0.380503   -0.840747   0.400737    0.477000   0.633465   -0.678375   0.497709
157 269 223     0.840371   0.400949    0.383318   0.701586    0.987069   0.323904    0.851261   0.394863
157 270 223     0.850575   0.395262    1.227004   0.220174    1.974933   0.048613    1.612581   0.107223
157 271 223     1.553207   0.120760    1.471413   0.141565    0.889699   0.373894    0.673555   0.500779
158 263 219    -0.762903   0.445737   -0.219031   0.826672    1.264771   0.206312   -1.167641   0.243288
158 268 219    -1.788412   0.074080   -1.372624   0.170246   -0.920393   0.357647   -1.559906   0.119170
158 270 219    -0.533216   0.594041    0.241940   0.808924   -2.652738   0.008139   -2.017269   0.043993
158 271 219    -1.069489   0.285162   -1.848998   0.064818   -2.775697   0.005634   -2.851600   0.004460
158 262 220    -0.713901   0.475503    0.831093   0.406158    0.175079   0.861134   -0.710407   0.477646
158 263 220    -1.310717   0.190321    0.364177   0.715805    1.557207   0.119811   -0.547917   0.583872
158 268 220    -2.108219   0.035316   -0.703703   0.481826    0.118624   0.905538   -0.588782   0.556172
158 269 220    -1.243984   0.213864   -0.199974   0.841565   -2.167488   0.030486   -1.892860   0.058728
158 270 220    -1.040310   0.298499   -0.326027   0.744476   -2.821035   0.004903   -1.423592   0.154947
158 271 220    -0.654675   0.512861   -2.050039   0.040679   -3.460394   0.000567   -1.722315   0.085389
158 262 221    -0.394430   0.693377    1.158935   0.246817   -0.300972   0.763493    0.555369   0.578813
158 263 221    -1.516745   0.129715   -0.272481   0.785366   -0.448767   0.653700   -0.197967   0.843098
158 268 221    -2.488712   0.013019   -1.475177   0.140552   -1.554735   0.120399    0.034108   0.972720
158 269 221     0.534566   0.593093    0.068819   0.944908   -0.457741   0.647272    1.183616   0.236912
158 270 221     1.855605   0.063869   -0.198306   0.842905   -0.096967   0.922746    2.074320   0.038362
158 271 221     0.798846   0.424601   -0.606653   0.544246   -0.299196   0.764855    1.100740   0.271341
158 266 222     0.791825   0.428686   -0.108375   0.913884    0.338969   0.734681    0.243009   0.807989
158 267 222    -1.679241   0.093489   -1.351524   0.176904   -2.516092   0.012057   -0.788198   0.430797
158 269 222     0.704518   0.481309    0.353794   0.723577   -0.196701   0.844064   -0.419056   0.675283
158 270 222     2.056353   0.040066    1.309087   0.190877    1.771723   0.076815    1.296136   0.195292
158 271 222     1.963862   0.049884    1.103730   0.270041    1.923608   0.054750    1.767195   0.077568
158 267 223    -0.754582   0.450720   -0.472511   0.636687   -0.970070   0.332292   -0.017687   0.986358
158 270 223    -0.476161   0.634085    1.580212   0.114445    1.598517   0.110315   -0.621067   0.534715
158 271 223     0.086868   0.930746    2.051911   0.040496    2.230568   0.025980    0.675210   0.499722
159 262 219    -0.903612   0.366468   -2.834104   0.004709    1.344411   0.179188    0.815485   0.415022
159 262 220    -0.530750   0.595755   -1.882642   0.060105    0.974217   0.330243   -0.361197   0.718014
159 263 220    -1.090973   0.275596   -0.823120   0.410673    1.080002   0.280469   -0.249971   0.802634
159 264 220    -1.452281   0.146806   -0.216957   0.828327    0.037134   0.970014   -0.821473   0.411619
159 265 220    -0.287515   0.773810    0.956033   0.339341    0.942757   0.346088   -0.807797   0.419440
159 266 220    -1.221073   0.222412    1.289072   0.197741    0.563659   0.573163    0.124172   0.901090
159 267 220    -1.673680   0.094575   -0.509878   0.610288   -1.089961   0.276060   -1.107967   0.268204
159 270 220     0.159605   0.873286   -0.544069   0.586542   -1.012571   0.311560    0.849230   0.395996
159 271 220    -0.276884   0.781956   -1.908700   0.056651   -1.618166   0.106010   -0.802347   0.422588
159 262 221     0.725855   0.468137   -0.058582   0.953428    0.757371   0.449056    0.667857   0.504417
159 263 221     0.123364   0.901869   -0.163882   0.869844    2.340305   0.019507    0.806851   0.419997
159 264 221    -0.643108   0.520345   -1.350798   0.177136    0.968703   0.332971    0.658716   0.510257
159 265 221     0.057685   0.953761    1.270209   0.204374    1.321439   0.186721   -0.296216   0.767105
159 266 221    -1.082828   0.279213    0.836524   0.403106    0.677057   0.498554    0.031515   0.975096
159 267 221    -3.308976   0.000977   -0.408959   0.682701   -1.233128   0.217881   -0.936612   0.349235
159 270 221    -0.303180   0.761832   -1.408316   0.159419   -1.670177   0.095267    1.370459   0.170919
159 271 221     0.074649   0.940588   -0.648732   0.516701   -0.907426   0.364441    0.708794   0.478648
159 262 222     1.495999   0.135038    0.593330   0.553132    2.748148   0.006125    0.851000   0.395023
159 265 222     0.815938   0.414766    1.266408   0.205730    0.132332   0.894777    1.585164   0.113314
159 266 222     0.875965   0.381305    1.685170   0.092337    2.012682   0.044475    1.299479   0.194145
159 267 222    -0.074281   0.940849   -0.489824   0.624372   -0.114546   0.908851    0.513150   0.607986
159 270 222     0.258556   0.796044    0.763283   0.445527    0.956881   0.338903    0.593734   0.552857
159 271 222     0.733247   0.463618    0.696824   0.486133    1.444767   0.148910    0.552814   0.580530
160 263 220     0.281104   0.778671   -0.076300   0.939301   -0.046505   0.963069    0.786827   0.431613
160 264 220    -0.750081   0.453431   -0.347853   0.728060   -2.100891   0.035955    0.710648   0.477518
160 265 220     0.436853   0.662302    1.584100   0.113557   -0.080933   0.935597   -0.423919   0.671736
160 266 220     0.988368   0.323262    1.512076   0.130900    0.276375   0.782362    0.932378   0.351417
160 262 221     0.327021   0.743742    0.134804   0.892758    1.799743   0.072269   -2.171968   0.030144
160 264 221    -0.042477   0.965677   -1.512485   0.130797    0.014123   0.988861    0.727030   0.467417
160 265 221     1.311053   0.190208    1.432836   0.152282    0.999199   0.317985   -0.305512   0.760062
160 266 221    -0.656648   0.511568    0.431160   0.666463   -1.268684   0.204917   -0.780001   0.435617
160 267 221    -2.421726   0.015664    1.076540   0.282006   -0.840491   0.400884   -1.442000   0.149688
160 267 222    -1.161464   0.245796    0.576845   0.564201    0.392046   0.695117   -1.313620   0.189346
160 268 222    -0.790898   0.429226    0.923099   0.356223    1.403623   0.160810   -1.258915   0.208426
160 271 222    -0.843113   0.399423   -0.021026   0.983292   -0.283644   0.776752   -0.520707   0.602717
160 268 223    -0.286752   0.774395    1.018393   0.308798   -0.369448   0.711889    0.726720   0.467602
161 263 220    -0.936938   0.349060   -0.695969   0.486638    0.114330   0.909019    0.329469   0.741945
161 264 220    -0.968024   0.333323   -0.841802   0.400152   -1.136959   0.255888    0.839204   0.401601
161 263 221    -1.578218   0.114901   -0.338913   0.734735    2.767667   0.005773    0.960527   0.337080
161 266 221     1.244213   0.213770   -0.122922   0.902183   -0.372955   0.709296    0.034147   0.972720
161 267 222    -1.618253   0.105994   -1.356399   0.175341   -1.457080   0.145477   -1.698742   0.089746
161 267 223    -1.641403   0.101098   -1.586552   0.113002   -1.616078   0.106466    0.088886   0.929422
238 258 210     1.998239   0.046021    1.076927   0.281823    3.837731   0.000134    1.802813   0.071787
238 259 210     2.787194   0.005440    2.170314   0.030270    4.496051   0.000008    1.809068   0.070808
238 260 210     4.393497   0.000013    3.542117   0.000419    2.749250   0.006105    2.992696   0.002848
238 261 210     2.676697   0.007584    3.317332   0.000949    1.988389   0.047102    2.593827   0.009661
238 263 210     3.589491   0.000351    2.657985   0.008014    2.933687   0.003443    0.720374   0.471515
238 264 210     3.239697   0.001245    3.002328   0.002761    4.303551   0.000019    1.835042   0.066862
238 265 210     1.975677   0.048527    2.801541   0.005206    3.983133   0.000074    3.656462   0.000272
238 260 211     2.328466   0.020130    1.923777   0.054729    3.359334   0.000817    3.041104   0.002432
238 264 211     3.801589   0.000154    2.522315   0.011847    3.903938   0.000102    1.702456   0.089049
238 265 211     2.272896   0.023291    3.203659   0.001409    2.966683   0.003098    2.036670   0.042005
238 264 212     2.506874   0.012373    1.631896   0.103085    3.047698   0.002380    1.833906   0.067031
238 265 212     3.167945   0.001592    2.703357   0.007007    2.945508   0.003316    3.189268   0.001481
238 264 213     3.202037   0.001417    2.079972   0.037838    3.087260   0.002088    0.709498   0.478200
238 265 213     3.284384   0.001066    3.997454   0.000070    3.912655   0.000099    3.283890   0.001067
238 266 213     2.417309   0.015853    2.110782   0.035094    3.332094   0.000901    2.618805   0.008987
238 267 213     2.414594   0.015971    0.910799   0.362683    4.105978   0.000044    1.948083   0.051746
238 268 213     2.636164   0.008544    0.475556   0.634523    3.009860   0.002694    2.312945   0.020973
238 266 214     2.282593   0.022711    1.035720   0.300646    4.099473   0.000046    2.225385   0.026328
238 267 214     3.177914   0.001539    2.702022   0.007035    5.868590  6.3821e-09    2.976616   0.003000
238 268 214     2.532922   0.011498    3.797035   0.000157    5.247873  1.9620e-07    2.476322   0.013475
238 269 214     1.708476   0.087927    2.850994   0.004468    4.665768   0.000004    1.290814   0.197135
238 267 215     2.700456   0.007068    2.210056   0.027378    3.151198   0.001685    1.546705   0.122321
238 268 215     0.089887   0.928553    3.041119   0.002432    1.999790   0.045853    3.651999   0.000277
238 269 215     1.348609   0.177841    1.594328   0.111251    3.679928   0.000249    2.546503   0.011063
239 258 210     2.961965   0.003145    3.047848   0.002379    3.964840   0.000080    3.837139   0.000134
239 259 210     2.963074   0.003134    1.947837   0.051777    3.416333   0.000666    2.444540   0.014714
239 260 210     3.242335   0.001234    1.836326   0.066674    3.041222   0.002431    0.743875   0.457177
239 261 210     3.066980   0.002234    2.117855   0.034489    2.252701   0.024542    0.347551   0.728271
239 262 210     2.156158   0.031362    2.686936   0.007358    2.033137   0.042361    2.221796   0.026570
239 263 210     3.435776   0.000621    2.407321   0.016291    1.401742   0.161368    0.797694   0.425292
239 264 210     2.068885   0.038870    1.437699   0.150907    3.439454   0.000612    0.979398   0.327668
239 260 211     1.358523   0.174671    2.634796   0.008578    4.097685   0.000046    1.768837   0.077294
239 261 211     3.071953   0.002197    1.818900   0.069292    3.132116   0.001797    1.755711   0.079513
239 262 211     2.437357   0.015007    1.653774   0.098555    2.509064   0.012297    1.999325   0.045904
239 260 212     1.489808   0.136658    2.679419   0.007523    3.606639   0.000329    2.485705   0.013128
239 261 212     2.769789   0.005736    1.897495   0.058115    4.162159   0.000035    3.083591   0.002114
239 265 212     2.932130   0.003460    1.256742   0.209207    2.954644   0.003220    1.618712   0.105893
239 266 213     2.920300   0.003593    0.759704   0.447651    1.692315   0.090965    2.524395   0.011778
239 270 213     0.782740   0.434001    1.644440   0.100470    4.290926   0.000020    1.988229   0.047118
239 267 214     2.278548   0.022951    1.218062   0.223545    3.261588   0.001154    0.883372   0.377305
239 269 214     2.902177   0.003805    2.594243   0.009650    3.805333   0.000152    1.778431   0.075704
239 270 214     1.720226   0.085770    2.082529   0.037605    2.920674   0.003589    2.500274   0.012605
239 268 215     2.300910   0.021647    2.287102   0.022444    1.744396   0.081466    3.196219   0.001446
239 269 215     4.204274   0.000029    3.275574   0.001099    4.703661   0.000003    3.050769   0.002356
239 270 215     3.062747   0.002265    2.651174   0.008176    3.852401   0.000126    2.345937   0.019217
239 268 216     2.754015   0.006018    2.994214   0.002834    1.496869   0.134816    4.088132   0.000048
239 269 216     3.567697   0.000381    3.318347   0.000946    3.431732   0.000630    3.695166   0.000234
239 270 216     3.004711   0.002739    2.413497   0.016019    3.611523   0.000323    2.653069   0.008131
240 258 210     2.900952   0.003820    3.016029   0.002640    3.811739   0.000148    2.282185   0.022734
240 259 210     3.443850   0.000603    2.605388   0.009344    2.149217   0.031910    1.215238   0.224624
240 262 210     2.102242   0.035837    2.470850   0.013682    2.386699   0.017227    2.804649   0.005157
240 258 211     1.284563   0.199312    2.543803   0.011148    3.123662   0.001849    1.439166   0.150482
240 259 211     1.785428   0.074563    3.385650   0.000744    3.699639   0.000230    3.664696   0.000264
240 261 211     3.721395   0.000212    3.157692   0.001649    3.564890   0.000385    2.710712   0.006855
240 262 211     2.614694   0.009095    2.843354   0.004575    3.599745   0.000338    3.202906   0.001413
240 259 212     1.408099   0.159486    2.666635   0.007813    1.693773   0.090686    2.137624   0.032843
240 260 212     1.995923   0.046274    2.442947   0.014778    2.819077   0.004933    3.027187   0.002546
240 261 212     2.827695   0.004803    2.753787   0.006022    3.383284   0.000750    2.880462   0.004075
240 262 212     2.726248   0.006543    2.706038   0.006951    3.863542   0.000121    3.583864   0.000359
240 264 213     2.244240   0.025084    1.176910   0.239572    1.596897   0.110674    2.983166   0.002938
240 269 215     3.285978   0.001060    2.715214   0.006763    3.273795   0.001106    1.182372   0.237403
240 270 215     2.206231   0.027645    2.174349   0.029965    2.880457   0.004075    1.876854   0.060893
240 268 216     2.605343   0.009345    3.372906   0.000779    2.122915   0.034060    2.686602   0.007365
240 269 216     3.314978   0.000957    3.323358   0.000929    3.941728   0.000088    3.026004   0.002556
240 270 216     2.691515   0.007258    1.941086   0.052591    3.307808   0.000981    1.877436   0.060814
240 265 217     1.989133   0.047018    1.302847   0.192999    3.128133   0.001822    2.329861   0.020056
240 266 217     2.212960   0.027176    1.850886   0.064546    3.577106   0.000368    2.141302   0.032545
240 269 217     3.179662   0.001530    2.157193   0.031281    5.028684  6.0713e-07    1.664957   0.096303
240 270 217     3.507189   0.000478    2.740228   0.006273    4.709072   0.000003    2.638263   0.008491
240 271 217     1.788316   0.074095    2.800695   0.005220    3.220154   0.001332    2.286120   0.022502
240 266 218     3.010829   0.002686    2.855296   0.004409    3.870080   0.000117    1.787792   0.074178
240 267 218     1.960395   0.050289    2.290333   0.022256    2.257787   0.024222    1.254980   0.209850
240 270 218     2.416393   0.015893    2.072523   0.038529    3.459606   0.000569    2.691135   0.007266
240 266 219     3.209768   0.001380    1.791692   0.073552    4.604241   0.000005    1.179832   0.238406
240 267 219     3.407043   0.000689    2.389871   0.017080    4.346860   0.000016    2.643845   0.008354
240 267 220     2.153782   0.031549    0.666594   0.505234    4.201347   0.000029    3.898237   0.000105
241 262 210     2.928892   0.003496    2.798711   0.005251    2.603670   0.009390    1.210273   0.226521
241 262 211     4.359937   0.000015    4.409260   0.000012    3.559150   0.000394    2.400103   0.016613
241 263 211     5.182289  2.7631e-07    3.296277   0.001022    2.776977   0.005612    1.627461   0.104025
241 262 212     2.076648   0.038147    3.162560   0.001622    3.323206   0.000929    3.075613   0.002171
241 263 212     3.152487   0.001678    1.590213   0.112171    4.490493   0.000008    2.768197   0.005764
241 263 213     1.852250   0.064349    1.953678   0.051080    2.926593   0.003522    2.734086   0.006391
241 264 213     2.490633   0.012949    1.008902   0.313319    2.817602   0.004955    2.525273   0.011749
241 265 213     2.902395   0.003803    1.743504   0.081623    3.557023   0.000397    2.402564   0.016502
241 265 214     2.654363   0.008100    1.737116   0.082743    2.194885   0.028452    3.241675   0.001236
241 265 215     2.502851   0.012514    1.827006   0.068064    1.829845   0.067638    2.337056   0.019676
241 266 215     2.082060   0.037647    1.714757   0.086770    2.037486   0.041922    2.412482   0.016063
241 267 215     3.355352   0.000829    1.866040   0.062392    2.969503   0.003070    1.492252   0.136019
241 266 216     3.456062   0.000576    3.355181   0.000830    1.909124   0.056595    1.342301   0.179872
241 267 216     4.485406   0.000008    4.683743   0.000003    4.652948   0.000004    1.916107   0.055700
241 268 216     3.603767   0.000333    3.928483   0.000093    5.245019  1.9916e-07    3.008532   0.002706
241 269 216     1.907322   0.056828    1.349272   0.177619    2.900638   0.003824    1.942299   0.052445
241 270 216     3.379576   0.000760    2.836424   0.004675    3.833461   0.000136    1.367787   0.171751
241 267 217     4.032592   0.000060    3.199400   0.001430    3.758003   0.000183    3.234554   0.001267
241 268 217     2.662387   0.007911    3.972277   0.000077    5.597571  2.9671e-08    3.773941   0.000172
241 269 217     1.609880   0.107807    1.886678   0.059556    4.998653  7.0645e-07    2.524835   0.011763
241 270 217     3.106707   0.001957    4.487438   0.000008    6.506485  1.3394e-10    3.562785   0.000388
241 271 217     1.707038   0.088194    4.000325   0.000069    4.183640   0.000032    2.020934   0.043612
241 272 217     1.089611   0.276208    2.263715   0.023853    2.356050   0.018706    2.475090   0.013521
241 265 218     2.521649   0.011870    3.776532   0.000171    3.343353   0.000865    1.244645   0.213618
241 266 218     2.215927   0.026971    2.507447   0.012353    2.665410   0.007841    1.939394   0.052797
241 267 218     3.614661   0.000319    3.617848   0.000315    4.095018   0.000046    4.406038   0.000012
241 268 218     3.285653   0.001061    4.367213   0.000014    5.732029  1.3953e-08    5.002217  6.9387e-07
241 269 218     2.634899   0.008576    2.877526   0.004112    4.961470  8.5122e-07    3.347942   0.000851
241 270 218     1.937110   0.053076    2.845441   0.004546    4.364420   0.000014    3.221583   0.001325
241 265 219     1.279011   0.201254    3.046507   0.002390    2.184092   0.029239    1.929821   0.053975
241 266 219     2.387381   0.017195    2.107944   0.035340    2.922033   0.003573    2.629977   0.008700
241 267 219     3.543286   0.000418    1.932356   0.053660    3.257105   0.001172    3.589910   0.000351
241 268 219     2.864588   0.004282    3.851087   0.000127    5.226830  2.1907e-07    3.112139   0.001922
241 269 219     3.261809   0.001153    2.004818   0.045311    3.575793   0.000370    1.788878   0.074005
241 266 220     1.751278   0.080275    0.385719   0.699801    3.630463   0.000301    2.128780   0.033571
241 267 220     2.616167   0.009056    1.546571   0.122352    3.981626   0.000075    4.158732   0.000035
241 268 220     1.936568   0.053142    2.271851   0.023354    3.280063   0.001082    2.079062   0.037922
242 262 211     4.323781   0.000017    3.533954   0.000432    3.964175   0.000080    2.181208   0.029452
242 263 211     3.498255   0.000494    3.216837   0.001347    3.900962   0.000104    1.088109   0.276872
242 262 212     2.381241   0.017483    3.244916   0.001223    2.092863   0.036669    1.728660   0.084246
242 263 212     2.281107   0.022799    3.168482   0.001589    4.020799   0.000063    2.570843   0.010321
242 266 214     0.949638   0.342588    3.458067   0.000572    1.347035   0.178343    2.271158   0.023397
242 265 215     3.121479   0.001863    1.792037   0.073495    2.521050   0.011889    2.419610   0.015754
242 266 215     2.630688   0.008681    2.081721   0.037679    1.753796   0.079839    2.334970   0.019786
242 265 216     3.717286   0.000215    1.632703   0.102918    3.089147   0.002075    1.350957   0.177084
242 266 216     3.538391   0.000425    2.382644   0.017416    2.139012   0.032730    1.466085   0.143009
242 267 216     3.188797   0.001483    1.725806   0.084762    1.622855   0.105006    1.163912   0.244798
242 270 216     3.399583   0.000708    1.552653   0.120896    2.480403   0.013324    1.803826   0.071626
242 267 217     3.482760   0.000523    2.106769   0.035442    0.534325   0.593251    1.548632   0.121856
242 269 217     2.859639   0.004349    2.645089   0.008323    3.056588   0.002312    2.830448   0.004762
242 270 217     4.000081   0.000069    2.908595   0.003729    3.464069   0.000560    3.149574   0.001695
242 271 217     2.543683   0.011152    2.001115   0.045711    2.247717   0.024860    2.257170   0.024261
242 268 218     4.299713   0.000019    2.551973   0.010892    3.480781   0.000526    1.972091   0.048936
242 269 218     2.675891   0.007602    2.773870   0.005666    3.372137   0.000781    3.322328   0.000932
242 270 218     2.438107   0.014977    2.404170   0.016431    2.024169   0.043276    3.870468   0.000117
242 265 219     1.938233   0.052938    4.875143   0.000001    2.393608   0.016908    0.951826   0.341479
242 266 219     2.622933   0.008880    2.174185   0.029978    1.763372   0.078211    1.960490   0.050278
242 268 219     4.401519   0.000012    3.557602   0.000396    5.301845  1.4760e-07    2.173171   0.030054
242 269 219     1.923084   0.054816    2.680445   0.007500    3.100980   0.001995    1.835066   0.066858
242 266 220     2.560264   0.010638    1.791889   0.073519    1.837103   0.066557    2.847812   0.004512
242 267 220     2.761335   0.005885    1.319150   0.187488    2.893652   0.003909    2.541877   0.011210
242 268 220     2.565927   0.010467    2.911618   0.003693    3.509559   0.000473    2.580069   0.010051
243 262 211     2.662032   0.007919    1.664807   0.096332    2.620216   0.008950    1.052040   0.293088
243 263 211     3.061305   0.002276    2.244233   0.025084    3.869531   0.000118    1.201153   0.230041
243 263 212     2.518660   0.011970    3.338450   0.000881    3.885333   0.000110    0.624813   0.532271
243 263 213     2.524853   0.011763    3.301372   0.001004    1.562445   0.118569    0.575171   0.565346
243 264 216     2.559010   0.010676    0.858463   0.390895    3.904165   0.000102    3.198529   0.001434
243 265 216     3.070838   0.002205    1.781640   0.075179    3.042812   0.002419    3.738107   0.000198
243 266 216     2.958188   0.003184    2.385706   0.017273    3.309183   0.000977    1.164063   0.244738
243 265 217     1.518062   0.129385    1.897020   0.058177    2.473512   0.013581    2.875623   0.004137
243 266 217     2.592150   0.009708    3.053269   0.002337    2.742250   0.006235    2.799420   0.005240
243 267 217     3.356796   0.000825    1.847145   0.065088    2.200422   0.028056    0.950884   0.341948
243 269 217     3.031229   0.002512    3.595548   0.000343    1.324697   0.185644    1.142625   0.253529
243 266 218     1.324036   0.185865    1.733889   0.083315    1.945379   0.052073    2.881588   0.004060
243 268 218     3.288229   0.001051    0.879312   0.379493    2.528276   0.011649    0.780545   0.435286
243 270 218     2.655706   0.008068    2.392370   0.016964    4.139512   0.000038    1.583532   0.113688
243 266 219     2.229014   0.026084   -0.047798   0.962239    3.081237   0.002130    2.743562   0.006211
243 267 219     2.325736   0.020276    0.424748   0.671108    4.269439   0.000022    2.986523   0.002906
243 268 219     3.713376   0.000218    1.651526   0.099015    4.830472   0.000002    1.818668   0.069327
243 268 220     1.842224   0.065804   -0.476505   0.633829    4.046095   0.000057    2.267645   0.023611
244 263 211     2.916238   0.003640    0.635107   0.525533    3.727194   0.000207    1.316633   0.188333
244 262 212     2.054013   0.040291    1.295656   0.195461    3.121869   0.001860    2.353584   0.018829
244 263 212     3.098825   0.002009    1.237319   0.216326    3.309508   0.000975    0.506418   0.612677
244 262 213     1.679294   0.093477    2.839849   0.004625    3.270734   0.001118    1.335600   0.182056
244 263 213     4.376248   0.000014    4.146158   0.000037    3.644511   0.000285    1.389989   0.164913
244 264 213     3.562169   0.000389    4.669943   0.000004    2.733729   0.006398    1.663444   0.096606
244 265 213     2.266382   0.023689    2.140603   0.032601    1.606449   0.108559    2.180601   0.029497
244 264 216     1.246984   0.212760    2.541335   0.011227    3.326711   0.000918    1.904137   0.057243
244 265 216     2.537624   0.011346    2.007481   0.045027    2.827107   0.004812    0.833853   0.404603
244 266 216     3.806365   0.000152    1.935498   0.053273    3.790818   0.000161    0.682613   0.495054
244 262 217     1.560422   0.119047    0.759746   0.447632    2.914275   0.003662    2.637388   0.008513
244 263 217     1.921923   0.054963   -0.341606   0.732739    3.820713   0.000143    3.347762   0.000852
244 264 217     2.910135   0.003711    0.487679   0.625890    3.671031   0.000257    3.529943   0.000439
244 265 217     3.405574   0.000692    2.289490   0.022305    5.051704  5.4028e-07    1.754937   0.079642
244 266 217     5.135917  3.5120e-07    4.495353   0.000008    4.547690   0.000006    0.817607   0.413826
244 267 217     2.734246   0.006388    2.961911   0.003146    3.458703   0.000571    0.761904   0.446329
244 269 217     1.888349   0.059334    1.115904   0.264792    3.178314   0.001537    1.608819   0.108041
244 266 218     4.839941   0.000002    4.167594   0.000034    3.900308   0.000104    2.348551   0.019084
244 267 218     2.697889   0.007122    2.230524   0.025983    2.465750   0.013877    1.109576   0.267510
244 269 218     3.064126   0.002255    1.271629   0.203860    4.432805   0.000011    0.899218   0.368800
244 270 218     2.590402   0.009757    1.504615   0.132808    2.901123   0.003818    1.189137   0.234732
244 267 219     4.089434   0.000048    2.655475   0.008074    4.377242   0.000014    3.330127   0.000907
244 268 219     1.716768   0.086400    0.435391   0.663397    3.782480   0.000167    2.192368   0.028634
244 269 219     1.816179   0.069708    1.098945   0.272106    4.143876   0.000038    3.285360   0.001062
244 267 220     2.600261   0.009483    1.728065   0.084355    5.118821  3.8348e-07    2.964809   0.003117
244 268 220     2.611532   0.009179    1.329566   0.184028    4.731151   0.000003    2.837230   0.004663
245 263 211     2.895063   0.003892    2.546232   0.011072    2.617938   0.009010    0.494608   0.621010
245 262 212     3.258207   0.001167    2.281343   0.022784    2.621597   0.008915    2.031654   0.042511
245 264 212     3.385100   0.000745    3.183673   0.001509    2.228629   0.026110    1.236099   0.216774
245 261 213    -1.010536   0.312542    2.485295   0.013143    4.450150   0.000010    2.489728   0.012982
245 262 213     3.438715   0.000614    3.898641   0.000105    4.776903   0.000002    3.507419   0.000477
245 263 213     5.418373  7.9155e-08    3.391849   0.000728    4.321251   0.000017    1.939587   0.052773
245 264 213     4.596861   0.000005    3.834745   0.000135    2.727184   0.006525    1.782932   0.074968
245 262 214     2.187569   0.028983    3.948760   0.000085    2.466564   0.013846    3.518022   0.000459
245 263 214     4.182793   0.000032    2.751928   0.006056    2.941756   0.003356    0.822234   0.411179
245 264 214     3.893342   0.000107    3.246815   0.001215    1.757331   0.079236    1.060408   0.289274
245 265 217     2.082169   0.037637    1.272948   0.203396    4.097057   0.000046    3.047002   0.002386
245 266 217     3.337465   0.000884    2.494445   0.012812    2.180397   0.029512    0.994689   0.320185
245 265 218     2.921042   0.003585    0.380074   0.703955    2.442149   0.014811    2.017970   0.043921
245 266 218     4.563766   0.000006    1.825346   0.068313    1.669686   0.095363    0.835279   0.403796
245 269 218     1.311674   0.190000    1.050081   0.293995    4.143828   0.000038    1.848735   0.064855
245 269 219     2.782806   0.005513    2.598074   0.009543    3.635661   0.000295    2.617307   0.009026
245 270 219     2.470534   0.013694    2.080071   0.037830    2.277164   0.023033    1.212754   0.225578
245 267 220     3.373634   0.000777    4.500720   0.000008    5.205330  2.4510e-07    2.976872   0.002998
245 268 220     3.517070   0.000460    4.016834   0.000064    3.386195   0.000742    4.232965   0.000026
245 267 221     1.885472   0.059720    3.338816   0.000879    4.438549   0.000010    1.872657   0.061473
245 268 221     2.093803   0.036585    3.057046   0.002308    3.457141   0.000574    3.963167   0.000080
246 264 212     1.975568   0.048539    3.558640   0.000394    1.363113   0.173221    0.937065   0.348993
246 262 213     1.059874   0.289515    2.646471   0.008290    3.019504   0.002611    1.593766   0.111375
246 263 213     3.428157   0.000638    3.636733   0.000293    2.384746   0.017318    0.692039   0.489107
246 259 214     1.423691   0.154917    1.100453   0.271457    3.966895   0.000079    1.843920   0.065557
246 260 214     0.534531   0.593124    0.213233   0.831154    4.146915   0.000037    2.790039   0.005393
246 261 214     2.025675   0.043124    1.701966   0.089143    3.641921   0.000288    3.134776   0.001781
246 262 214     2.234762   0.025703    3.831944   0.000137    3.384473   0.000747    2.537955   0.011335
246 263 214     4.102774   0.000045    4.671621   0.000003    3.140930   0.001745    1.734268   0.083247
246 264 214     3.516728   0.000461    5.820338  8.4294e-09    0.786993   0.431504    0.898776   0.369031
246 259 215     0.732877   0.463841    2.014272   0.044307    3.322404   0.000932    2.217793   0.026844
246 263 215     3.106046   0.001961    2.440716   0.014869    3.386625   0.000741    1.652222   0.098873
246 264 215     4.007140   0.000067    4.441809   0.000010    4.013534   0.000065    3.672787   0.000256
246 265 215     2.454811   0.014303    3.887585   0.000109    2.351755   0.018921    3.767142   0.000177
246 264 216     3.517997   0.000459    2.995274   0.002825    2.668522   0.007769    2.070533   0.038716
246 265 216     2.869857   0.004212    2.151164   0.031756    2.546040   0.011078    3.584985   0.000357
246 266 216     2.063260   0.039403    1.879785   0.060493    2.301785   0.021598    2.574249   0.010221
246 267 216     2.754935   0.006001    2.154754   0.031472    2.907729   0.003739    1.387671   0.165610
246 265 217     2.866666   0.004255    1.905315   0.057088    1.837528   0.066494    2.257798   0.024221
246 266 219     1.935606   0.053260    2.108132   0.035324    3.270566   0.001118    2.338344   0.019610
246 266 220     1.833566   0.067083    2.981404   0.002954    4.109274   0.000044    2.269203   0.023515
246 267 220     3.498201   0.000494    4.620699   0.000004    6.283107  5.3892e-10    4.149498   0.000037
246 268 220     2.904703   0.003775    2.048684   0.040812    3.490869   0.000507    3.899769   0.000104
246 269 220     2.470715   0.013687    1.118402   0.263717    2.818785   0.004937    1.215532   0.224509
246 270 220     2.662901   0.007899    1.842866   0.065709    2.067468   0.039004    1.940331   0.052683
246 267 221     3.051785   0.002348    3.913653   0.000098    7.448416  2.4009e-13    3.899239   0.000104
246 268 221     3.374328   0.000775    2.599235   0.009511    5.502663  5.0066e-08    5.801940  9.3679e-09
246 269 221     1.851827   0.064410    1.531179   0.126114    4.142721   0.000038    3.016753   0.002634
246 267 222     0.641099   0.521627    2.474674   0.013537    5.756710  1.2128e-08    1.397765   0.162562
246 268 222     1.453855   0.146367    1.144601   0.252705    5.171412  2.9234e-07    1.407716   0.159594
247 260 212     3.183350   0.001511    2.739148   0.006294    3.793125   0.000160    2.256877   0.024278
247 260 213     3.228299   0.001295    3.919071   0.000096    3.749225   0.000190    3.223061   0.001319
247 261 213     1.641914   0.100992    1.939575   0.052774    3.268111   0.001128    1.968110   0.049392
247 259 214     1.423843   0.154872    2.335587   0.019754    3.613115   0.000321    2.137231   0.032876
247 260 214     1.168672   0.242875    1.861389   0.063047    3.977335   0.000076    3.203235   0.001412
247 261 214     2.220107   0.026685    3.136497   0.001771    3.243124   0.001230    2.655684   0.008069
247 263 214     3.449046   0.000591    3.813564   0.000147    2.719202   0.006683    2.187075   0.029019
247 259 215     3.362741   0.000808    3.415429   0.000668    4.353587   0.000015    1.793966   0.073188
247 260 215     2.087317   0.037169    2.958606   0.003179    5.608322  2.7951e-08    2.130166   0.033456
247 261 215     2.472368   0.013624    3.623834   0.000308    3.867202   0.000119    3.565224   0.000385
247 262 215     2.281507   0.022775    3.808310   0.000150    2.049041   0.040777    4.159711   0.000035
247 263 215     3.916883   0.000097    4.377450   0.000014    2.393441   0.016916    2.919333   0.003604
247 264 215     4.214637   0.000028    4.072788   0.000051    2.865723   0.004267    2.567435   0.010422
247 265 215     2.032743   0.042402    4.238130   0.000025    1.729553   0.084088    1.930465   0.053895
247 259 216     2.971160   0.003054    3.298540   0.001014    2.924446   0.003546    1.225104   0.220894
247 260 216     0.810372   0.417966    3.138974   0.001756    5.017272  6.4315e-07    0.542472   0.587655
247 264 216     5.414839  8.0680e-08    4.150279   0.000037    4.112580   0.000043    2.255962   0.024337
247 265 216     3.285094   0.001063    4.897101   0.000001    2.859297   0.004354    1.796142   0.072841
247 266 216     2.689361   0.007305    2.840094   0.004622    2.194811   0.028457    0.564884   0.572310
247 264 217     3.752507   0.000187    2.862543   0.004310    3.110806   0.001930    1.064473   0.287427
247 265 217     3.786681   0.000164    3.223206   0.001318    2.143347   0.032379    0.021130   0.983292
247 266 218     2.562036   0.010584    1.237607   0.216216    1.763594   0.078171    2.627513   0.008762
247 266 219     1.595141   0.111065    1.277842   0.201666    2.898103   0.003855    4.014270   0.000065
247 266 220     2.300004   0.021699    3.936501   0.000090    3.796849   0.000157    3.350449   0.000844
247 267 220     2.536113   0.011394    4.062490   0.000053    4.097250   0.000046    1.142151   0.253725
247 267 221     2.959040   0.003175    4.004951   0.000068    5.008679  6.7166e-07    2.873931   0.004159
247 268 221     2.116718   0.034586    3.549091   0.000409    4.101354   0.000045    2.045333   0.041141
247 269 221     2.812232   0.005038    3.025918   0.002556    5.256536  1.8747e-07    2.564030   0.010524
247 270 221     1.858948   0.063394    2.163315   0.030806    2.047402   0.040939    1.787422   0.074240
247 267 222     0.697613   0.485608    1.930720   0.053863    3.911406   0.000099    1.416034   0.157147
247 268 222     2.655267   0.008079    3.185611   0.001499    6.089646  1.7394e-09    2.265923   0.023717
247 269 222     1.948811   0.051660    2.585795   0.009887    4.988590  7.4308e-07    2.761781   0.005878
248 264 212     2.513524   0.012144    0.784602   0.432905    1.335747   0.182002    3.474268   0.000539
248 265 212     3.245543   0.001220    2.866564   0.004256    0.219292   0.826499    2.576910   0.010143
248 263 213     2.723193   0.006603    2.247140   0.024897    1.865721   0.062438    3.017349   0.002629
248 264 213     3.598392   0.000339    0.576635   0.564344    0.915196   0.360363    3.743526   0.000194
248 263 214     4.086904   0.000048    3.861729   0.000121    1.099671   0.271796    4.130165   0.000040
248 264 214     4.600029   0.000005    1.293566   0.196178    0.834517   0.404240    3.440184   0.000611
248 265 214     3.538204   0.000426    3.110044   0.001935    0.047424   0.962239    2.881732   0.004059
248 259 215     3.050926   0.002355    1.818233   0.069393    4.739630   0.000003    0.645305   0.518896
248 262 215     1.312330   0.189773    3.954345   0.000083    1.474439   0.140748    2.008582   0.044909
248 263 215     4.389106   0.000013    4.090986   0.000047    1.539817   0.123994    3.612214   0.000322
248 264 215     5.074037  4.8225e-07    2.717506   0.006717    0.796453   0.426004    2.701149   0.007053
248 265 215     3.083565   0.002114    3.232839   0.001275    1.035451   0.300767    2.707368   0.006923
248 264 216     4.023543   0.000063    1.414861   0.157492    1.827542   0.067983    1.007187   0.314144
248 265 216     4.015619   0.000065    3.781074   0.000168    1.777889   0.075794    1.571964   0.116346
248 265 217     3.274507   0.001103    3.943499   0.000087    3.934208   0.000091    2.324665   0.020334
248 265 220     1.529337   0.126566    3.442253   0.000606    1.950279   0.051484    1.062774   0.288197
248 266 220     3.782120   0.000167    3.261133   0.001156    2.488027   0.013043    2.414608   0.015971
248 267 221     2.842520   0.004587    2.053740   0.040319    3.000330   0.002779    2.561975   0.010586
248 269 221     2.023537   0.043342    2.020766   0.043629    2.650929   0.008182    2.276027   0.023102
248 267 222     2.657924   0.008016    1.815665   0.069787    6.208107  8.5199e-10    2.985483   0.002916
248 268 222     4.048145   0.000057    3.035556   0.002477    6.772442  2.4180e-11    5.255522  1.8847e-07
248 269 222     2.622881   0.008881    2.065448   0.039196    4.442833   0.000010    3.260320   0.001159
248 268 223     2.505856   0.012409    1.020568   0.307764    4.063032   0.000053    4.285155   0.000020
249 264 212     1.609479   0.107894    2.743839   0.006206    2.502315   0.012532    2.524586   0.011771
249 265 212     2.182969   0.029321    3.107722   0.001951    1.120976   0.262628    3.009003   0.002701
249 264 213     1.176921   0.239572    3.705986   0.000225    3.455109   0.000578    4.362205   0.000015
249 265 213     2.015996   0.044126    4.584304   0.000005    3.354399   0.000832    3.723783   0.000210
249 264 214     3.387912   0.000738    2.617485   0.009022    3.661410   0.000267    4.690114   0.000003
249 265 214     2.724274   0.006582    4.282965   0.000021    3.406100   0.000691    4.227974   0.000026
249 262 215     2.460653   0.014074    4.051216   0.000056    2.527702   0.011668    2.231906   0.025892
249 263 215     3.392637   0.000725    5.631400  2.4578e-08    2.589191   0.009791    4.634387   0.000004
249 264 215     4.510090   0.000007    3.951662   0.000084    1.747073   0.081001    4.569538   0.000006
249 265 215     3.403943   0.000697    3.305823   0.000988    1.174625   0.240486    4.320053   0.000018
249 261 216     1.021698   0.307220    3.280612   0.001080    2.508249   0.012326    1.095568   0.273595
249 262 216     3.293143   0.001033    3.413135   0.000674    3.208349   0.001387    2.295562   0.021953
249 263 216     2.005310   0.045260    3.691420   0.000238    2.141278   0.032546    3.674880   0.000253
249 264 216     3.262348   0.001151    2.975185   0.003014    2.395823   0.016807    2.387435   0.017193
249 265 216     3.528412   0.000441    3.685278   0.000243    1.391421   0.164480    3.317631   0.000948
249 261 217     1.331502   0.183398    2.717099   0.006725    3.550251   0.000407    2.219780   0.026707
249 262 217     1.799843   0.072254    2.129704   0.033494    4.717225   0.000003    1.817056   0.069574
249 265 217     3.064168   0.002254    2.406816   0.016313    4.272801   0.000022    1.756408   0.079393
249 266 217     1.779463   0.075534    2.033808   0.042294    1.330916   0.183586    2.564502   0.010510
249 266 218     1.656620   0.097981    1.903978   0.057265    2.665038   0.007850    1.511190   0.131127
249 265 220     2.314474   0.020888    0.693049   0.488465    4.316444   0.000018    2.549285   0.010976
249 266 220     3.327402   0.000916    1.500122   0.133971    6.434505  2.1073e-10    2.308797   0.021203
249 267 220     2.777271   0.005607    2.149519   0.031886    4.496471   0.000008    0.837347   0.402631
249 266 221     1.329865   0.183931   -1.009947   0.312808    4.245811   0.000024    3.440946   0.000609
249 269 221     3.292278   0.001036    2.664224   0.007868    1.787861   0.074166    2.202214   0.027929
249 267 222     2.147422   0.032052    2.397596   0.016726    4.768470   0.000002    3.487445   0.000514
249 268 222     4.186400   0.000031    4.319293   0.000018    5.494131  5.2456e-08    3.659016   0.000269
249 269 222     3.861122   0.000122    3.871402   0.000117    4.459788   0.000009    3.475156   0.000537
249 267 223     0.683016   0.494806    1.621499   0.105294    4.276076   0.000021    2.275681   0.023123
249 268 223     3.441263   0.000608    1.775054   0.076262    7.137700  2.0948e-12    2.998104   0.002799
249 269 223     3.184953   0.001503    2.777390   0.005605    6.898972  1.0492e-11    3.993787   0.000071
249 267 224     0.988021   0.323431    1.316680   0.188314    3.398255   0.000711    2.110145   0.035149
249 268 224     2.811873   0.005043    1.241995   0.214596    3.517034   0.000460    2.607642   0.009283
250 268 211     1.667378   0.095821    1.589500   0.112335    3.164651   0.001610    1.250402   0.211513
250 265 212     1.239820   0.215397    2.006778   0.045101    0.444223   0.657013    4.168075   0.000034
250 264 213    -0.500547   0.616830    2.305764   0.021373    3.676069   0.000252    3.099658   0.002004
250 265 213     0.655585   0.512262    1.734911   0.083134    1.700034   0.089504    4.134316   0.000039
250 266 213     1.005185   0.315113    1.665365   0.096223    1.852630   0.064296    4.082385   0.000049
250 264 214     0.705693   0.480598    1.211738   0.225964    2.887898   0.003981    2.995381   0.002824
250 265 214     1.458450   0.145102    2.213880   0.027112    2.330495   0.020022    2.866562   0.004256
250 267 214     1.856240   0.063780    1.735135   0.083094    3.537382   0.000427    1.917873   0.055475
250 264 215     2.594022   0.009656    1.707367   0.088132    0.469392   0.638905    3.455229   0.000578
250 265 215     3.308302   0.000980    3.702676   0.000228    2.085723   0.037314    3.295340   0.001025
250 263 216     2.663741   0.007880    2.804962   0.005152    2.409215   0.016207    2.218065   0.026825
250 264 216     4.143247   0.000038    2.832773   0.004728    1.231093   0.218644    4.068568   0.000052
250 265 216     4.248829   0.000024    4.590144   0.000005    2.841589   0.004600    4.553152   0.000006
250 266 216     2.458707   0.014150    2.400522   0.016594    2.623555   0.008864    3.516735   0.000461
250 261 217     2.065822   0.039159    3.473201   0.000541    3.689311   0.000240    1.532980   0.125668
250 262 217     3.112115   0.001922    2.730165   0.006466    4.391166   0.000013    1.578105   0.114926
250 263 217     3.787271   0.000163    1.932732   0.053614    4.461087   0.000009    2.332873   0.019896
250 264 217     4.553552   0.000006    3.218937   0.001337    4.098023   0.000046    3.342620   0.000868
250 265 217     5.535892  4.1723e-08    4.383466   0.000013    4.742412   0.000002    2.273879   0.023231
250 266 217     3.717922   0.000215    2.814887   0.004997    3.751499   0.000188    2.880789   0.004071
250 262 218     1.658958   0.097508    3.055901   0.002317    4.829871   0.000002    1.728638   0.084251
250 264 218     1.775693   0.076157    0.323064   0.746750    3.644029   0.000285    2.550765   0.010930
250 265 218     4.318852   0.000018    2.899500   0.003838    5.908961  5.0492e-09    2.550121   0.010950
250 266 218     4.903091   0.000001    2.521666   0.011869    5.948853  4.0002e-09    2.289144   0.022325
250 262 219     0.291104   0.771101    2.858601   0.004363    4.307676   0.000019    1.865027   0.062535
250 263 219     0.812788   0.416568    1.185739   0.236063    4.682901   0.000003    2.127418   0.033685
250 265 219     1.509991   0.131429    1.472196   0.141354    5.196765  2.5628e-07    2.574299   0.010219
250 266 219     3.270034   0.001120    1.846832   0.065134    6.069746  1.9588e-09    3.039137   0.002448
250 263 220     2.026442   0.043044    2.170176   0.030281    4.459136   0.000009    1.319251   0.187457
250 266 220     2.168294   0.030425    1.527387   0.127051    3.813165   0.000148    2.243189   0.025151
250 269 220     3.453986   0.000581    2.189346   0.028854    0.796286   0.426093    1.669762   0.095349
250 263 221     1.490465   0.136485    2.546928   0.011050    4.142903   0.000038    0.944873   0.345004
250 267 221     2.539726   0.011278    3.375546   0.000771    1.495229   0.135238    3.228563   0.001294
250 269 221     2.986112   0.002910    3.355578   0.000829    2.494907   0.012795    1.693028   0.090832
250 270 221     1.690643   0.091286    3.369397   0.000789    2.979836   0.002969    3.158063   0.001646
250 263 222     1.373533   0.169963    2.470157   0.013708    2.663538   0.007884    1.298970   0.194319
250 267 222     3.001053   0.002772    2.578610   0.010094    2.219202   0.026746    3.408417   0.000685
250 268 222     3.623834   0.000308    3.116699   0.001893    2.604772   0.009360    1.685702   0.092233
250 269 222     3.432104   0.000629    3.733821   0.000202    4.478852   0.000009    1.924535   0.054633
250 270 222     1.576412   0.115320    0.957514   0.338594    2.733172   0.006408    2.626962   0.008776
250 267 223     2.381935   0.017449    1.472324   0.141317    2.988895   0.002884    2.197066   0.028296
250 268 223     3.174831   0.001555    0.940655   0.347164    4.938676  9.5375e-07    1.241987   0.214596
250 269 223     3.819493   0.000144    3.088055   0.002083    5.869961  6.3319e-09    3.486721   0.000515
250 270 223     2.398154   0.016701    1.076254   0.282127    3.114232   0.001909    3.571773   0.000375
250 267 224     1.498555   0.134373    1.046232   0.295766    3.338362   0.000881    1.812631   0.070255
250 268 224     1.511284   0.131103    1.357902   0.174871    3.496247   0.000497    3.013426   0.002663
250 269 224     2.980370   0.002964    0.378607   0.705052    3.464310   0.000559    2.728941   0.006490
250 270 224     1.656872   0.097927    1.726034   0.084718    1.569048   0.117025    3.219798   0.001333
251 267 211     2.175774   0.029858    1.985811   0.047388    4.535242   0.000007    1.439851   0.150289
251 268 211     2.904199   0.003781    3.219250   0.001336    2.406708   0.016318    1.598362   0.110349
251 271 211     2.150579   0.031801    2.298959   0.021759    2.908020   0.003736    1.333771   0.182651
251 267 212     3.785891   0.000164    4.041519   0.000058    4.675710   0.000003    4.004307   0.000068
251 268 212     3.163543   0.001616    3.927037   0.000093    5.327001  1.2915e-07    4.222346   0.000027
251 269 212     1.801005   0.072072    1.446654   0.148372    2.725337   0.006561    1.950372   0.051473
251 271 212     2.178582   0.029647    2.211461   0.027279    2.395667   0.016814    1.115507   0.264952
251 267 213     4.190630   0.000031    4.336092   0.000016    3.875443   0.000115    4.255336   0.000023
251 268 213     2.455068   0.014293    4.091221   0.000047    4.704504   0.000003    4.712309   0.000003
251 269 213     1.579511   0.114605    1.636259   0.102168    3.949124   0.000085    2.514781   0.012102
251 270 213     2.037184   0.041952    1.580947   0.114278    2.992898   0.002846    1.603232   0.109269
251 271 213     2.490784   0.012944    2.299662   0.021718    2.629704   0.008706    2.550561   0.010936
251 265 214     2.400407   0.016599    1.419834   0.156038    2.290200   0.022264    2.133250   0.033201
251 266 214     2.876936   0.004120    1.901608   0.057574    3.711976   0.000220    2.026067   0.043082
251 267 214     3.700627   0.000229    2.525112   0.011754    4.763761   0.000002    2.702637   0.007022
251 268 214     2.277832   0.022994    2.493821   0.012834    3.485828   0.000517    3.192224   0.001466
251 264 215     2.014520   0.044282    1.435093   0.151639    2.380189   0.017532    3.032281   0.002504
251 265 215     2.496440   0.012740    2.624876   0.008830    2.923876   0.003552    3.558704   0.000394
251 264 216     3.917198   0.000097    3.148963   0.001698    2.450402   0.014478    2.090161   0.036911
251 265 216     4.112242   0.000043    3.932333   0.000091    3.965961   0.000080    4.471155   0.000009
251 266 216     2.469383   0.013738    2.466264   0.013857    4.118484   0.000042    3.477127   0.000534
251 259 217     2.318274   0.020681    1.372727   0.170213    3.064814   0.002250    1.775864   0.076127
251 260 217     1.902082   0.057511    2.801358   0.005209    3.399389   0.000708    2.145612   0.032198
251 262 217     2.240213   0.025345    3.053380   0.002336    2.649183   0.008224    0.872720   0.383068
251 263 217     2.917203   0.003629    2.900900   0.003821    3.216916   0.001347    0.899433   0.368699
251 264 217     3.274418   0.001103    3.797860   0.000157    2.230330   0.025996    2.023929   0.043301
251 265 217     4.149910   0.000037    4.550512   0.000006    1.893680   0.058621    1.762900   0.078291
251 266 217     3.302899   0.000998    1.555237   0.120275    2.642947   0.008376    2.751117   0.006071
251 264 218     2.775096   0.005644    2.901857   0.003809    4.968806  8.2058e-07    3.191094   0.001471
251 265 218     4.065015   0.000053    3.737436   0.000199    3.728081   0.000206    2.863534   0.004297
251 266 218     3.817579   0.000145    2.290944   0.022220    1.706333   0.088328    2.535399   0.011417
251 262 219     2.416673   0.015881    0.739397   0.459888    4.968321  8.2257e-07    0.745270   0.456325
251 263 219     3.559750   0.000393    1.590466   0.112116    6.431646  2.1454e-10    1.833997   0.067017
251 264 219     4.691510   0.000003    2.890028   0.003954    7.298368  6.9009e-13    3.877173   0.000114
251 265 219     3.663692   0.000265    3.529800   0.000439    6.560899  9.4817e-11    4.897685   0.000001
251 266 219     3.414216   0.000671    3.387728   0.000738    3.006683   0.002722    3.467663   0.000552
251 262 220     2.862654   0.004308    1.066184   0.286659    4.724646   0.000003    2.360893   0.018465
251 263 220     0.765314   0.444310    1.268145   0.205103    4.976010  7.9149e-07    1.925702   0.054489
251 264 220     2.220323   0.026670    1.531547   0.126019    5.738155  1.3477e-08    2.648592   0.008239
251 265 220     2.559422   0.010663    1.708160   0.087988    5.903971  5.1979e-09    4.414992   0.000011
251 266 220     2.572112   0.010283    1.651307   0.099061    3.169031   0.001586    3.956919   0.000083
251 265 221     1.654479   0.098414    0.527785   0.597800    4.672434   0.000003    1.951637   0.051321
251 266 221     2.795558   0.005302    2.209832   0.027393    3.151991   0.001681    2.971665   0.003049
251 267 221     2.295750   0.021943    1.527301   0.127071    2.048319   0.040848    2.747829   0.006131
251 266 222     2.558750   0.010684    2.063019   0.039426    2.295235   0.021972    4.934683  9.7288e-07
251 267 222     3.770951   0.000174    3.087557   0.002086    3.369428   0.000789    5.220063  2.2696e-07
251 268 222     1.753246   0.079935    2.325623   0.020283    2.345785   0.019225    2.464553   0.013923
251 269 222     2.516763   0.012034    2.747827   0.006131    3.829301   0.000138    2.064368   0.039297
251 266 223     2.129336   0.033525   -0.358087   0.720346    3.162060   0.001624    3.535592   0.000430
251 267 223     3.802146   0.000154    1.042939   0.297291    3.255343   0.001179    3.993640   0.000071
251 268 223     2.388349   0.017150    2.064557   0.039279    2.953023   0.003237    2.511021   0.012230
251 269 223     3.779041   0.000169    3.456011   0.000576    4.490030   0.000008    3.109027   0.001942
251 270 223     3.280063   0.001082    3.026341   0.002553    3.311135   0.000970    3.274435   0.001103
251 267 224     2.398236   0.016698   -0.078887   0.937052    4.093303   0.000047    3.767893   0.000176
251 268 224     2.773376   0.005674    2.274126   0.023217    5.861032  6.6675e-09    4.879924   0.000001
251 269 224     3.177799   0.001540    2.772661   0.005687    4.193692   0.000030    2.629090   0.008722
251 270 224     3.993360   0.000071    2.275388   0.023141    1.420930   0.155716    2.114151   0.034805
252 268 211     1.366638   0.172116    4.027838   0.000062    3.132379   0.001796    2.067341   0.039015
252 267 212     2.153861   0.031543    3.339080   0.000879    5.289824  1.5730e-07    2.963217   0.003133
252 268 212     3.349954   0.000845    4.610770   0.000005    7.333230  5.4083e-13    4.499218   0.000008
252 269 212     2.166224   0.030582    3.085002   0.002104    4.876373   0.000001    3.483147   0.000522
252 270 212     1.875537   0.061075    2.811394   0.005051    3.438714   0.000614    0.471754   0.637239
252 271 212     1.825511   0.068287    2.654852   0.008089    3.099105   0.002008    0.038556   0.969501
252 265 213     2.764151   0.005836    1.650324   0.099261    3.439567   0.000612    1.962189   0.050080
252 267 213     3.460075   0.000568    3.256574   0.001174    5.348632  1.1510e-07    2.787983   0.005427
252 268 213     4.865881   0.000001    4.949759  9.0249e-07    7.705633  3.7685e-14    5.537530  4.1350e-08
252 269 213     3.873871   0.000116    3.705493   0.000225    8.252356  6.1921e-16    5.139316  3.4511e-07
252 270 213     2.444829   0.014702    2.743597   0.006210    7.159983  1.7980e-12    3.767231   0.000177
252 271 213     1.476243   0.140262    2.846397   0.004532    3.366869   0.000796    3.165242   0.001607
252 265 214     2.623824   0.008857    0.888955   0.374292    3.195015   0.001452    2.071294   0.038644
252 267 214     2.090723   0.036861    1.866017   0.062398    3.628671   0.000303   -0.033796   0.972720
252 268 214     3.156585   0.001655    4.005075   0.000068    5.367126  1.0426e-07    1.925293   0.054540
252 269 214     4.047864   0.000057    3.780669   0.000168    6.757547  2.6655e-11    4.540052   0.000006
252 270 214     1.562275   0.118614    1.329752   0.183967    5.806960  9.1023e-09    3.374644   0.000774
252 271 214     1.449582   0.147554    3.247097   0.001213    3.940989   0.000088    3.790210   0.000162
252 269 215     2.935776   0.003420    3.468817   0.000550    2.715317   0.006761    1.354425   0.175974
252 270 215     2.446431   0.014637    1.879069   0.060592    3.313929   0.000960    1.547327   0.122172
252 271 215     2.080553   0.037786    1.097028   0.272952    4.573968   0.000006    1.784546   0.074703
252 265 216     2.965498   0.003110    2.001915   0.045623    2.255300   0.024378    2.669864   0.007739
252 260 217     0.921245   0.357190    2.495737   0.012766    3.490158   0.000509    2.546573   0.011061
252 261 217     1.529315   0.126574    4.139120   0.000038    2.154425   0.031498    2.570078   0.010343
252 265 217     3.158554   0.001644    4.061949   0.000053    1.474453   0.140744    3.785038   0.000165
252 261 218     1.742166   0.081855    1.915579   0.055768    2.139971   0.032653    2.074817   0.038315
252 265 218     2.834670   0.004700    4.144633   0.000038    2.057963   0.039910    2.246308   0.024950
252 266 218     2.650912   0.008183    4.073344   0.000051    0.517724   0.604780    0.386278   0.699380
252 261 219     2.207320   0.027569    1.457219   0.145440    2.678049   0.007554    1.972594   0.048879
252 262 219     3.465909   0.000556    2.381006   0.017493    3.162036   0.001624    2.120275   0.034284
252 263 219     2.765752   0.005807    1.252632   0.210694    2.831135   0.004752    1.048822   0.294573
252 264 219     3.179643   0.001530    1.186258   0.235859    3.089179   0.002075    1.120745   0.262730
252 265 219     2.171841   0.030153    3.549880   0.000407    3.721523   0.000212    2.563753   0.010532
252 261 220     2.050992   0.040586    2.787260   0.005439    2.721969   0.006627    3.462160   0.000564
252 262 220     3.591203   0.000349    2.226579   0.026247    3.427571   0.000639    2.669589   0.007745
252 263 220     1.608044   0.108211    1.641651   0.101048    3.938705   0.000089    0.773754   0.439305
252 264 220     3.951205   0.000084    2.350724   0.018973    5.624673  2.5517e-08    2.571700   0.010296
252 265 220     3.429347   0.000635    2.327308   0.020192    5.710732  1.5740e-08    4.304790   0.000019
252 266 220     1.959127   0.050437    1.171955   0.241555    3.495667   0.000498    2.335135   0.019777
252 261 221     1.529830   0.126443    2.061200   0.039600    2.180062   0.029537    3.004750   0.002739
252 264 221     0.835597   0.403615    1.186436   0.235794    6.085919  1.7786e-09    0.677317   0.498394
252 265 221     3.372331   0.000780    1.394357   0.163592    7.118007  2.3968e-12    2.977512   0.002992
252 266 221     2.809716   0.005077    1.857809   0.063553    3.836809   0.000134    1.757282   0.079245
252 264 222     1.071869   0.284095    1.252562   0.210722    4.742448   0.000002    2.265453   0.023746
252 265 222     1.251720   0.211028   -0.128925   0.897584    4.489187   0.000008    3.828691   0.000139
252 266 222     1.697769   0.089929    0.891041   0.373173    2.742087   0.006238    3.577258   0.000368
252 267 222     3.897566   0.000105    3.069372   0.002216    4.219516   0.000027    4.198856   0.000030
252 268 222     2.722724   0.006612    1.856204   0.063784    3.094552   0.002038    1.968797   0.049314
252 269 222     1.909584   0.056537    1.551239   0.121233    4.229766   0.000026    1.467660   0.142577
252 267 223     4.226923   0.000026    3.083619   0.002114    5.983043  3.2728e-09    4.641053   0.000004
252 268 223     3.618278   0.000315    3.143625   0.001729    3.022014   0.002589    2.822436   0.004882
252 269 223     3.643709   0.000286    3.551464   0.000405    4.776981   0.000002    2.289318   0.022315
252 270 223     3.399374   0.000708    3.338673   0.000880    3.312570   0.000965    1.169854   0.242403
252 266 224    -0.290701   0.771294    2.570179   0.010340    3.881264   0.000112    2.753813   0.006021
252 267 224     3.207158   0.001393    3.739604   0.000197    6.743488  2.9217e-11    4.056945   0.000054
252 268 224     5.200640  2.5117e-07    3.840347   0.000132    5.710461  1.5765e-08    4.639816   0.000004
252 269 224     3.151682   0.001682    4.106443   0.000044    3.851832   0.000126    2.031541   0.042523
252 270 224     3.550932   0.000406    3.704978   0.000226    4.352528   0.000015    2.121059   0.034217
