
        DETAILS FOR VOI "HVA_LH"

RandomEffectsAnalysis: No

TypeOfStatistic:       t(172)

NrOfVoxels:            483

Summary statistics for VMP 1:

AbsStatMinValue:       0.002432
AbsStatMaxValue:       8.236579

AvgStatValue:          3.355027
AvgPValue:              0.080489

StatWeightedMass:      1620.478149
PWeightedMass:         38.875984

ListOfVOIVoxels:

 x   y   z     StatValue 1   p         StatValue 2   p         StatValue 3   p         StatValue 4   p
---------------------------------------------------------------------------------------------------------
245 265 217     5.582919  9.0675e-08    3.423166   0.000774    4.191002   0.000044    4.752770   0.000004
245 266 217     4.922665   0.000002    2.678460   0.008114    3.842231   0.000171    3.616913   0.000392
245 265 218     4.115855   0.000060    3.621837   0.000385    3.385264   0.000881    3.978465   0.000102
244 265 217     6.151149  5.2298e-09    5.194983  5.7419e-07    4.859516   0.000003    5.530622  1.1688e-07
246 265 217     4.581377   0.000009    2.120450   0.035402    4.500295   0.000012    2.811931   0.005497
246 265 216     3.179705   0.001749    0.973529   0.331659    1.367043   0.173396    2.514400   0.012841
247 265 217     6.572594  5.6752e-10    3.064450   0.002532    3.585036   0.000439    2.492749   0.013622
247 264 217     6.567312  5.8385e-10    3.500522   0.000591    3.613344   0.000397    3.699234   0.000291
247 265 216     2.891387   0.004331    1.789587   0.075280    0.638078   0.524270    2.478285   0.014166
248 265 217     6.511272  7.8811e-10    2.878056   0.004509    2.531778   0.012244    3.991132   0.000097
248 265 216     4.758994   0.000004    1.672933   0.096158    3.201625   0.001628    1.939572   0.054068
249 265 217     6.087299  7.2668e-09    4.085393   0.000067    4.467969   0.000014    4.050555   0.000077
249 266 217     1.858496   0.064807    1.987625   0.048440    3.361927   0.000954    3.352637   0.000984
249 265 216     4.829824   0.000003    1.949659   0.052843    5.080130  9.7504e-07    3.183812   0.001726
250 265 217     5.195765  5.7212e-07    3.360315   0.000959    4.410801   0.000018    4.289873   0.000030
250 264 217     4.414779   0.000018    2.969339   0.003411    3.813016   0.000191    3.684084   0.000307
250 266 217     2.618175   0.009629    2.121460   0.035316    2.698984   0.007649    2.877509   0.004516
250 265 216     3.627965   0.000376    1.199952   0.231808    3.536760   0.000521    2.689367   0.007864
250 265 218     4.340978   0.000024    3.170752   0.001800    4.151179   0.000052    4.020744   0.000087
251 265 217     0.694298   0.488431    0.608451   0.543695    1.789654   0.075268    3.308103   0.001144
251 264 217    -1.029402   0.304737    0.312142   0.755316   -0.694921   0.488045    0.594850   0.552726
251 266 217     2.154479   0.032594    0.826937   0.409420    1.915787   0.057051    2.010036   0.045990
251 265 216     1.044910   0.297529    0.871745   0.384566    0.954274   0.341283    1.963691   0.051178
251 265 218     3.162803   0.001848    2.571009   0.010987    4.499861   0.000012    4.101937   0.000063
252 265 217     1.091830   0.276434    0.078804   0.937266    1.522265   0.129779    1.636818   0.103497
252 265 216     0.295692   0.767824    0.627840   0.530944   -0.290040   0.772142    2.094119   0.037715
252 265 218     2.037134   0.043169    0.549077   0.583665    2.622650   0.009508    1.012001   0.312961
252 266 218     1.339027   0.182328    0.717929   0.473771    1.714301   0.088275    0.978283   0.329310
252 265 219     0.897876   0.370506    1.888330   0.060665    3.087605   0.002353    1.406700   0.161321
252 264 219     0.947261   0.344833    1.073938   0.284353    2.790341   0.005860    0.313816   0.754047
252 265 220     3.082765   0.002389    1.647044   0.101375    2.919491   0.003976    2.819779   0.005370
251 265 219     5.620996  7.5303e-08    3.228240   0.001492    6.587901  5.2272e-10    4.927610   0.000002
251 264 219     1.945851   0.053303   -0.539565   0.590191    4.189092   0.000045    2.286669   0.023434
251 266 219     6.084025  7.3901e-09    3.964995   0.000107    4.291278   0.000030    3.868891   0.000155
251 265 220     2.939018   0.003745    1.623269   0.106364    4.296359   0.000029    1.506502   0.133773
250 265 219     3.331747   0.001056    1.953806   0.052346    2.048035   0.042077    3.244925   0.001412
250 266 219     4.920987   0.000002    3.020595   0.002908    4.211864   0.000041    3.596329   0.000421
250 266 218     3.974549   0.000104    2.995763   0.003142    4.027791   0.000084    4.094128   0.000065
250 266 220     3.215133   0.001557    2.936312   0.003776    2.400412   0.017444    2.277218   0.024005
249 266 220     5.793187  3.2186e-08    4.664033   0.000006    5.028420   0.000001    5.483408  1.4678e-07
251 266 220     5.150169  7.0664e-07    3.654194   0.000342    4.666296   0.000006    2.229829   0.027053
251 266 221     1.462858   0.145331    0.459449   0.646494    1.267833   0.206570   -0.020707   0.983469
252 266 220     3.063742   0.002538    0.910839   0.363658    1.368563   0.172920    3.597808   0.000419
252 266 221     2.693104   0.007780   -0.849634   0.396710   -0.344932   0.730571    1.253180   0.211841
252 265 221     2.521825   0.012583   -0.187098   0.851801   -1.191443   0.235121   -0.523361   0.601396
252 266 222     1.397094   0.164185   -1.871539   0.062969   -1.514643   0.131698   -0.423786   0.672249
252 265 222     0.372596   0.709914   -0.917609   0.360108   -2.475322   0.014280   -1.189713   0.235798
252 267 222     6.017012  1.0413e-08    3.136325   0.002013    4.163529   0.000049    4.268030   0.000033
251 266 222     2.942149   0.003709    2.106044   0.036652    2.536102   0.012100    3.110626   0.002186
251 267 222     5.708568  4.8972e-08    4.239658   0.000036    5.621494  7.5120e-08    5.569021  9.7017e-08
251 266 223     3.246167   0.001406    1.099655   0.273018    4.312037   0.000027    1.390996   0.166023
251 267 223     4.678467   0.000006    2.419833   0.016569    4.099104   0.000064    2.766198   0.006291
251 268 223     3.956895   0.000111    1.235708   0.218251    4.201022   0.000043    4.241730   0.000036
251 267 224     4.896333   0.000002    1.629804   0.104973    4.527797   0.000011    2.806579   0.005585
250 267 223     3.533390   0.000527    2.367152   0.019037    3.476701   0.000643    2.665584   0.008418
252 267 223     5.482164  1.4766e-07    2.916396   0.004013    4.897649   0.000002    3.863009   0.000158
252 268 223     5.325840  3.1110e-07    3.474167   0.000648    6.757096  2.0917e-10    5.110385  8.4876e-07
252 267 224     3.804320   0.000197    2.538540   0.012019    5.332980  3.0078e-07    5.058163   0.000001
252 266 224     1.519424   0.130491    1.506492   0.133775    3.540467   0.000514    2.427787   0.016222
252 268 224     4.507235   0.000012    1.900435   0.059049    5.639906  6.8646e-08    4.541397   0.000010
252 269 224     6.384184  1.5478e-09    3.665442   0.000329    6.184159  4.4084e-09    4.296183   0.000029
251 268 224     6.237162  3.3470e-09    2.790616   0.005855    5.447075  1.7476e-07    4.409444   0.000018
251 269 224     7.320561  9.0745e-12    3.348889   0.000997    6.132535  5.7574e-09    5.552298  1.0522e-07
250 268 224     6.785975  1.7867e-10    3.114061   0.002162    4.923024   0.000002    5.025414   0.000001
250 267 224     4.048407   0.000078    1.118735   0.264812    3.957499   0.000111    3.311037   0.001133
250 269 224     7.537911  2.6166e-12    4.131393   0.000056    6.292466  2.5072e-09    6.592624  5.0962e-10
250 268 223     6.137125  5.6227e-09    1.775744   0.077543    5.230667  4.8631e-07    4.074453   0.000070
249 268 224     4.828761   0.000003    3.336805   0.001039    4.813509   0.000003    4.190984   0.000044
249 267 224     2.599300   0.010153    2.687589   0.007904    3.422708   0.000775    3.119555   0.002124
249 268 223     6.988432  5.8598e-11    3.459773   0.000682    6.302852  2.3744e-09    5.076560  9.9110e-07
249 267 223     2.815438   0.005440    1.986220   0.048598    3.281452   0.001251    3.492482   0.000608
249 269 223     6.103927  6.6716e-09    2.806651   0.005584    4.434873   0.000016    3.614573   0.000395
249 268 222     7.036002  4.4982e-11    2.812817   0.005482    6.592093  5.1107e-10    5.733326  4.3330e-08
248 268 223     7.633592  1.5052e-12    3.339152   0.001030    7.378234  6.5352e-12    5.397914  2.2103e-07
248 268 222     7.952997  2.3233e-13    4.172486   0.000048    6.939851  7.6691e-11    5.587238  8.8788e-08
248 267 222     6.505168  8.1421e-10    3.078784   0.002420    5.172558  6.3713e-07    6.964889  6.6768e-11
248 269 222     6.010402  1.0770e-08    3.866790   0.000156    5.192064  5.8203e-07    4.322769   0.000026
247 268 222     5.831365  2.6600e-08    3.784757   0.000212    5.221448  5.0768e-07    4.409737   0.000018
247 267 222     5.465218  1.6020e-07    3.278874   0.001261    4.400622   0.000019    5.254815  4.3442e-07
247 269 222     5.995965  1.1591e-08    3.705918   0.000284    5.322769  3.1564e-07    4.649791   0.000007
247 268 221     4.277071   0.000031    3.186424   0.001711    4.254633   0.000034    4.270669   0.000032
246 268 222     5.697740  5.1660e-08    2.328083   0.021071    4.896698   0.000002    4.514918   0.000012
246 267 222     5.791207  3.2505e-08    2.585557   0.010551    5.523937  1.2072e-07    3.950902   0.000113
246 268 221     5.530292  1.1706e-07    2.799546   0.005703    4.829123   0.000003    5.548377  1.0724e-07
246 267 221     5.470061  1.5651e-07    3.648389   0.000350    4.420522   0.000017    4.012743   0.000089
246 269 221     6.903384  9.3797e-11    3.530915   0.000532    5.183760  6.0490e-07    4.303190   0.000028
246 268 220     3.318083   0.001106    2.218113   0.027857    3.871632   0.000153    3.158402   0.001874
245 268 221     5.805252  3.0307e-08    3.247465   0.001400    5.462982  1.6192e-07    5.698137  5.1559e-08
245 267 221     5.491919  1.4089e-07    2.136196   0.034078    4.985202   0.000002    3.909776   0.000133
245 268 220     4.406838   0.000018    2.633407   0.009224    4.859970   0.000003    5.300784  3.5011e-07
245 267 220     5.442725  1.7844e-07    2.815364   0.005441    4.474898   0.000014    4.537525   0.000011
244 268 220     5.303297  3.4599e-07    3.679529   0.000312    4.894193   0.000002    6.575617  5.5839e-10
244 267 220     5.270537  4.0357e-07    2.860657   0.004752    5.060214   0.000001    5.236873  4.7243e-07
244 268 219     3.163384   0.001844    3.051937   0.002635    2.621301   0.009544    3.603263   0.000411
243 268 220     5.537471  1.1306e-07    4.063012   0.000074    3.433260   0.000747    5.120874  8.0879e-07
243 268 219     5.864558  2.2523e-08    4.371850   0.000021    4.477490   0.000014    3.660118   0.000335
242 268 220     3.971073   0.000105    2.091088   0.037990    2.539591   0.011984    2.792817   0.005817
242 267 220     3.482664   0.000630    0.661966   0.508880    0.301253   0.763580    1.451907   0.148349
242 268 219     6.102024  6.7372e-09    4.043906   0.000079    5.151074  7.0369e-07    3.827188   0.000181
241 268 220     3.469153   0.000660    2.920526   0.003963    3.417484   0.000789    2.795304   0.005775
241 267 220     2.582150   0.010651    1.909081   0.057917    1.622353   0.106559    2.297787   0.022778
241 268 219     4.358030   0.000023    1.248033   0.213715    1.686106   0.093589    2.411523   0.016938
241 267 219     1.224111   0.222585    1.194673   0.233859    0.934312   0.351453    0.561073   0.575474
241 269 219     4.805122   0.000003    1.869819   0.063209    1.763549   0.079583    0.814923   0.416245
241 268 218     5.543634  1.0974e-07    2.883046   0.004441    4.887410   0.000002    5.055789   0.000001
241 267 218     3.433692   0.000746    2.579223   0.010739    4.458510   0.000015    3.971244   0.000105
241 269 218     4.660380   0.000006    1.728432   0.085706    3.388069   0.000873    2.636866   0.009134
241 268 217     3.294043   0.001199    1.784912   0.076038    3.374900   0.000913    2.842086   0.005024
242 268 218     7.522733  2.8556e-12    4.164810   0.000049    6.465245  1.0072e-09    6.030610  9.7147e-09
242 269 218     3.889442   0.000143    2.444241   0.015525    4.260361   0.000034    3.240592   0.001432
243 268 218     7.893590  3.2973e-13    4.082819   0.000068    4.970249   0.000002    4.955443   0.000002
242 270 218     2.952501   0.003593    2.921987   0.003945    2.976455   0.003336    2.882008   0.004455
242 269 217     1.735470   0.084449    0.676674   0.499525    1.701079   0.090735    0.446012   0.656152
242 269 219     2.515795   0.012793    2.403264   0.017313    3.973317   0.000104    2.329799   0.020978
242 270 217     4.516277   0.000012    3.119407   0.002125    2.498938   0.013394    2.510840   0.012967
241 269 217     1.496747   0.136292   -0.425646   0.670902    0.545702   0.585977    0.533557   0.594335
243 269 217     4.313798   0.000027    2.582883   0.010630    4.119089   0.000059    3.157337   0.001881
244 269 217     2.078872   0.039113    0.734210   0.463821    0.730525   0.466067    0.591920   0.554677
244 269 218     5.114354  8.3341e-07    2.997567   0.003125    3.751666   0.000240    3.618351   0.000390
244 270 218     4.536278   0.000011    2.645421   0.008915    3.509974   0.000572    3.900906   0.000137
244 269 219     6.331917  2.0385e-09    3.891278   0.000142    5.024514   0.000001    5.857275  2.3362e-08
245 269 218     6.065485  8.1273e-09    3.014383   0.002965    4.451504   0.000015    1.819139   0.070629
245 269 219     6.331746  2.0403e-09    2.923770   0.003924    5.853985  2.3750e-08    3.771998   0.000223
245 270 219     5.540695  1.1131e-07    2.645314   0.008918    5.037499   0.000001    4.238374   0.000037
243 270 218     6.306110  2.3342e-09    4.121278   0.000058    4.796438   0.000003    4.376342   0.000021
241 270 217     4.021983   0.000086    1.218414   0.224735    2.747361   0.006648    2.372568   0.018769
241 269 216     3.348317   0.000999    1.150800   0.251411    1.854181   0.065426    4.723739   0.000005
240 269 217     2.888489   0.004369    2.150484   0.032913    1.942086   0.053760    1.555830   0.121587
240 270 217     6.414517  1.3184e-09    3.144589   0.001960    3.446415   0.000714    3.671370   0.000322
240 269 216     5.276351  3.9271e-07    2.789397   0.005876    4.657780   0.000006    4.006346   0.000092
240 268 216     4.238928   0.000037    4.486275   0.000013    4.771438   0.000004    4.075680   0.000070
240 270 216     6.977395  6.2297e-11    3.547868   0.000501    4.141912   0.000054    4.067505   0.000072
240 269 215     4.675972   0.000006    2.313062   0.021903    3.231506   0.001476    3.540969   0.000513
239 269 216     5.257186  4.2962e-07    3.216733   0.001549    3.369019   0.000931    1.919796   0.056538
239 268 216     3.855757   0.000163    2.851170   0.004889    2.466369   0.014629    2.597308   0.010210
239 270 216     7.338537  8.1931e-12    3.216059   0.001553    5.099880  8.9069e-07    2.952823   0.003589
239 269 215     5.696652  5.1938e-08    3.336735   0.001039    5.110563  8.4806e-07    3.538847   0.000517
239 268 215     2.352709   0.019768    2.534749   0.012145    2.646889   0.008878    2.339188   0.020475
239 270 215     7.217304  1.6281e-11    3.830445   0.000179    5.167570  6.5202e-07    4.907825   0.000002
239 269 214     4.778422   0.000004    2.739251   0.006807    4.258384   0.000034    3.536129   0.000522
238 269 215     4.725486   0.000005    2.147966   0.033116    3.701469   0.000288    3.713191   0.000276
238 268 215     4.147495   0.000053    0.838473   0.402930    3.954738   0.000112    2.707013   0.007474
238 269 214     4.466746   0.000014    1.806651   0.072564    2.647689   0.008858    3.010471   0.003001
238 268 214     5.290767  3.6700e-07    1.884910   0.061128    4.009322   0.000091    3.835317   0.000176
238 267 214     5.616398  7.7014e-08    2.058976   0.041004    5.532403  1.1587e-07    4.216956   0.000040
238 268 213     3.163836   0.001841    1.951752   0.052591    2.583713   0.010605    2.474053   0.014329
238 267 213     5.780020  3.4367e-08    3.118860   0.002129    5.186020  5.9859e-07    3.924969   0.000125
238 266 213     5.286707  3.7407e-07    4.788860   0.000004    5.366055  2.5718e-07    2.952360   0.003594
238 265 213     4.545569   0.000010    3.587606   0.000435    3.610642   0.000400    3.288793   0.001220
238 266 214     3.561104   0.000478    1.993415   0.047797    4.036119   0.000082    2.786136   0.005933
239 266 213     4.226844   0.000038    3.141197   0.001981    3.819470   0.000187    4.581041   0.000009
238 264 213     3.894585   0.000141    2.051297   0.041754    2.082851   0.038744    2.292761   0.023073
238 265 212     3.907513   0.000134    4.196991   0.000043    4.243044   0.000036    4.218669   0.000040
238 264 212     3.821140   0.000185    1.989439   0.048238    1.851721   0.065780    3.345433   0.001009
238 265 211     3.901662   0.000137    2.929856   0.003852    5.128537  7.8077e-07    3.434477   0.000744
239 265 212     5.589404  8.7857e-08    3.453325   0.000697    4.128044   0.000057    4.589284   0.000009
238 264 211     5.097103  9.0210e-07    3.805556   0.000196    4.973296   0.000002    4.852443   0.000003
238 265 210     1.595675   0.112397    1.620698   0.106914    2.549162   0.011672    1.587093   0.114329
238 264 210     3.700114   0.000290    2.475236   0.014283    4.702418   0.000005    2.803975   0.005628
238 263 210     3.981877   0.000101    3.499274   0.000594    3.266174   0.001316    2.395290   0.017681
239 264 210     1.070708   0.285801    2.199174   0.029200    2.116479   0.035743    0.862034   0.389869
239 263 210     2.547652   0.011721    1.282088   0.201537    2.259247   0.025123    1.244777   0.214907
239 262 210     2.197807   0.029299    2.681560   0.008042    2.424236   0.016376    1.653190   0.100116
239 261 210     3.061402   0.002557    1.268284   0.206410    2.254476   0.025428    1.645482   0.101696
239 262 211     2.157812   0.032329    2.709877   0.007412    2.265151   0.024751    2.571409   0.010974
240 262 210     4.451339   0.000015    1.780060   0.076832    4.339123   0.000024    4.544621   0.000010
240 262 211     5.470798  1.5596e-07    3.011514   0.002991    3.932512   0.000122    4.830374   0.000003
241 262 210     2.829213   0.005221    2.017397   0.045209    3.993506   0.000096    3.133941   0.002028
241 262 211     5.123560  7.9886e-07    3.055246   0.002607    4.694806   0.000005    3.417598   0.000789
241 263 211     4.106878   0.000062    3.458431   0.000685    3.258555   0.001349    3.343100   0.001017
241 262 212     3.871359   0.000154    2.327623   0.021096    3.270769   0.001296    2.353269   0.019739
242 262 211     4.254957   0.000034    3.979506   0.000102    3.242451   0.001423    1.384514   0.167994
242 263 211     4.142439   0.000054    3.470219   0.000657    2.645709   0.008908    2.109966   0.036308
242 262 212     3.325213   0.001080    1.968024   0.050673    2.912155   0.004066    0.805144   0.421848
243 262 211     1.793269   0.074687    3.007635   0.003028    3.110167   0.002189    1.395734   0.164594
243 263 211     2.989221   0.003207    2.950922   0.003610    2.628282   0.009358    2.002675   0.046783
243 263 212     1.721617   0.086937    1.378444   0.169858    1.351030   0.178460    1.396845   0.164261
244 263 211     0.216700   0.828721    2.352007   0.019804    0.491722   0.623540    0.616715   0.538238
244 263 212     3.102135   0.002246    1.009315   0.314240    1.881941   0.061533    0.702189   0.483508
245 263 211     0.533462   0.594408    1.727729   0.085832    0.210925   0.833185    1.126687   0.261444
244 262 212     1.922218   0.056231    1.960564   0.051545    1.246779   0.214173    1.009073   0.314356
244 263 213     4.035158   0.000082    1.523585   0.129450    2.973855   0.003363    1.412092   0.159730
244 262 213     3.507090   0.000578    1.376672   0.170402    2.716954   0.007262    2.250322   0.025696
244 264 213     3.599279   0.000417    1.915493   0.057089    4.501155   0.000012    1.338349   0.182548
243 263 213     1.822652   0.070093    1.166596   0.244989    1.562447   0.120021    0.183006   0.855012
245 263 213     4.303796   0.000028    2.834363   0.005142    2.182073   0.030460    2.410002   0.017007
245 262 213     4.088942   0.000066    1.890102   0.060427    2.072592   0.039702    2.632854   0.009238
245 264 213     3.292314   0.001206    3.650557   0.000347    3.133183   0.002033    2.078909   0.039110
245 263 214     2.869418   0.004628    2.106604   0.036603    1.384763   0.167919    1.976447   0.049703
246 263 213     2.892776   0.004312    2.842116   0.005024    3.103796   0.002234    2.806397   0.005588
246 262 213     2.733396   0.006924    2.009921   0.046003    1.864056   0.064018    1.530438   0.127746
246 263 214     3.988532   0.000098    2.921086   0.003956    1.969614   0.050488    3.232737   0.001470
246 262 214     3.903643   0.000136    1.705258   0.089952    0.556086   0.578874    3.395524   0.000851
246 264 214     2.609548   0.009865    1.175965   0.241234    1.625877   0.105807    0.710310   0.478469
246 263 215     4.254885   0.000034    2.990925   0.003190    3.013209   0.002976    3.515934   0.000560
247 263 214     4.254442   0.000034    2.432449   0.016022    1.704825   0.090032    4.392957   0.000019
247 263 215     5.126085  7.8963e-07    3.065230   0.002526    2.924011   0.003921    4.314102   0.000027
248 263 214     1.528209   0.128298    1.422735   0.156624    0.136544   0.891533    2.515621   0.012799
248 264 214     1.784538   0.076099    1.155244   0.249591   -1.120478   0.264072    1.992745   0.047871
248 263 213     0.821963   0.412235    1.524537   0.129211    0.600831   0.548747    2.232184   0.026894
248 263 215     3.982820   0.000100    2.240469   0.026341    2.361574   0.019317    3.397043   0.000846
248 262 215     2.354311   0.019686    1.984465   0.048794    3.107512   0.002208    2.679442   0.008091
248 264 215     3.353364   0.000982    0.789882   0.430683    0.693511   0.488923    1.721259   0.087001
249 263 215     3.212201   0.001573    1.828555   0.069199    2.932740   0.003818    2.218797   0.027809
249 262 215     3.550941   0.000495    2.170710   0.031324    3.501550   0.000589    2.931588   0.003831
249 264 215     3.800986   0.000200    0.908662   0.364798    3.630306   0.000373    2.605721   0.009972
249 263 216     2.863035   0.004718    0.872806   0.383985    2.726359   0.007067    2.698748   0.007654
249 262 216     2.907288   0.004126   -0.045938   0.963488    1.362369   0.174863    1.723591   0.086579
249 264 216     5.025464   0.000001    2.790919   0.005850    4.615914   0.000008    2.628251   0.009359
250 263 216     1.153234   0.250415    0.976357   0.330258    1.375809   0.170669    0.854807   0.393847
250 264 216     3.260811   0.001339    1.831058   0.068822    2.747306   0.006649    3.108721   0.002199
250 263 217     2.399185   0.017500    0.912119   0.362984    2.855627   0.004824    1.251640   0.212401
250 262 217     2.302461   0.022507    1.098027   0.273728    2.568780   0.011055    0.227139   0.820583
251 263 217     2.143681   0.033463    1.481505   0.140302    0.191452   0.848408    1.238613   0.217177
251 262 217     2.585996   0.010538    1.622311   0.106568    1.048382   0.295934    2.473002   0.014370
250 261 217     2.743785   0.006718    1.286812   0.199889    2.689416   0.007863    1.460500   0.145977
250 262 218     0.348000   0.728259   -0.069619   0.944563    0.458807   0.646951   -0.957591   0.339615
249 262 217     2.697203   0.007688    0.135563   0.892336    2.252059   0.025583    1.411808   0.159814
249 261 217     2.604180   0.010015    0.340608   0.733821    2.400066   0.017460    1.595298   0.112482
249 261 216     3.112576   0.002172    0.584225   0.559834    3.452595   0.000699    2.867611   0.004653
250 262 219    -1.353436   0.177693   -1.569147   0.118452   -1.136512   0.257323   -2.416166   0.016731
250 263 219    -3.862058   0.000159   -3.729879   0.000260   -2.342237   0.020313   -2.432620   0.016015
251 262 219     0.280415   0.779503    0.103158   0.917995   -0.805433   0.421681    0.730917   0.465822
251 263 219     0.353800   0.723932   -0.965203   0.335799    0.682268   0.495988    0.039921   0.968248
251 262 220    -0.511759   0.609470   -1.473633   0.142408   -0.658449   0.511132   -1.282538   0.201380
252 262 219     2.870588   0.004612   -0.128090   0.898234    2.485263   0.013901    2.052416   0.041644
252 261 219     0.941483   0.347780   -1.269396   0.206013    0.254065   0.799762    0.072448   0.942327
252 263 219     2.546348   0.011763    0.392375   0.695266    2.890612   0.004341    1.500953   0.135201
252 262 220     3.715286   0.000274   -0.192984   0.847198    1.391430   0.165892    1.210307   0.227822
252 261 220     1.221570   0.223543   -0.114043   0.909355    1.396548   0.164349   -0.322933   0.747151
252 263 220     1.204750   0.229956   -0.155779   0.876409    1.441014   0.151399    0.092068   0.926741
252 264 220     1.374979   0.170927    0.350925   0.726069    1.753819   0.081243    0.109930   0.912581
251 263 220    -0.326075   0.744761    1.143829   0.254282    0.115320   0.908294    0.421377   0.674011
251 264 220     1.355213   0.177126   -0.647519   0.518160    1.657631   0.099215    2.168105   0.031525
250 263 220    -1.239121   0.216990    0.482045   0.630394   -1.732352   0.085004   -1.142147   0.254980
250 263 221     0.621919   0.534818    0.734764   0.463488   -0.366297   0.714597    0.011908   0.990802
250 263 222    -1.415305   0.158788   -0.963481   0.336658   -1.732160   0.085038   -0.301454   0.763425
252 264 221     3.126272   0.002079    0.112054   0.910899   -0.186657   0.852166   -0.168771   0.866172
252 264 222     1.793955   0.074577   -0.145048   0.884841   -0.440630   0.660033    0.909104   0.364564
252 261 221     0.521928   0.602387   -0.120156   0.904505    2.029194   0.043980   -0.674444   0.500931
252 261 218     1.189759   0.235781   -0.227409   0.820373    0.658403   0.511158    0.360356   0.719033
252 261 217     1.503787   0.134471   -0.665695   0.506501    1.231071   0.219977    1.097179   0.274097
252 260 217     2.141931   0.033606    0.635887   0.525694    0.898300   0.370279    0.074404   0.940774
251 260 217     2.517390   0.012737    1.393547   0.165253    1.332209   0.184555    1.870488   0.063115
251 259 217     3.868383   0.000155    1.066576   0.287656    1.363658   0.174458    1.069094   0.286525
250 264 215     0.495891   0.620605    0.251935   0.801389    0.689777   0.491263    0.904922   0.366773
251 264 216    -1.204750   0.229956   -0.141400   0.887720   -1.415342   0.158776    0.252840   0.800684
251 264 215    -0.957553   0.339634   -0.093800   0.925341   -0.469283   0.639461   -1.068152   0.286949
251 265 215     1.268674   0.206273    1.608668   0.109523    0.428839   0.668578    0.640434   0.522744
251 265 214     1.622600   0.106507    2.608107   0.009905    1.660387   0.098659    1.843742   0.066941
250 265 215     0.622542   0.534411   -0.021034   0.983273    1.575833   0.116902    1.450044   0.148867
250 265 214    -0.487415   0.626580   -0.815095   0.416144   -0.257126   0.797379    0.296744   0.767018
249 265 215     3.528657   0.000536   -0.250354   0.802603    4.213732   0.000040    3.551887   0.000494
249 265 214     1.518068   0.130833   -1.132876   0.258845    2.337126   0.020584    2.392758   0.017800
248 265 215     3.679983   0.000312    1.210736   0.227657    1.415918   0.158608    2.042514   0.042627
248 265 214     4.037365   0.000081    1.986658   0.048548    1.424830   0.156019    3.299128   0.001179
247 265 215     0.961832   0.337482   -0.238244   0.811970   -1.467056   0.144187    0.914242   0.361873
247 264 215     2.383770   0.018226    0.815083   0.416151   -0.272886   0.785275    2.093382   0.037782
246 265 215     3.393601   0.000856    0.906342   0.366021    1.758012   0.080524    2.132325   0.034399
246 264 215     3.488271   0.000617    1.531424   0.127502    2.067812   0.040155    2.723911   0.007117
246 264 216     3.268667   0.001305    1.861728   0.064348    2.139089   0.033839    2.825514   0.005279
247 264 216     4.165047   0.000049    1.716672   0.087840    1.883975   0.061256    3.248832   0.001394
248 264 216     4.475365   0.000014    1.438838   0.152014    2.740712   0.006778    1.715189   0.088111
249 264 214     1.907032   0.058183   -1.126996   0.261314    0.808209   0.420089    2.846270   0.004962
249 265 213     1.657891   0.099163   -1.014719   0.311667    2.034564   0.043430    1.851833   0.065764
249 264 213     1.789130   0.075354   -1.013942   0.312034    1.511780   0.132426    2.617085   0.009658
249 265 212     1.250089   0.212964   -0.460209   0.645949    3.736273   0.000254    2.239871   0.026380
250 265 213     0.829910   0.407741    0.025272   0.979754    0.684256   0.494738    1.849822   0.066055
250 264 213    -0.431776   0.666446   -0.615078   0.539312    0.162430   0.871161    0.725308   0.469247
250 266 213     1.757728   0.080572    0.838932   0.402672    1.345773   0.180146    3.866921   0.000156
250 265 212     0.140547   0.888380    0.034881   0.972177    1.319108   0.188886    2.798320   0.005723
250 264 214    -1.016644   0.310750   -0.986746   0.325155   -1.104899   0.270749   -0.792506   0.429157
249 264 212     2.144276   0.033415    0.390427   0.696699    1.984903   0.048745    1.563405   0.119796
248 265 212     1.747920   0.082262    1.292239   0.198008    1.803599   0.073044    1.767277   0.078955
248 264 212     2.264690   0.024780    1.493500   0.137139    1.324457   0.187109    1.136260   0.257428
248 264 213     3.464039   0.000672    1.851215   0.065853    0.518935   0.604475    2.417743   0.016661
251 266 214     3.298407   0.001182    2.464319   0.014710    2.347706   0.020027    2.278807   0.023908
252 265 214     1.440300   0.151600    0.988132   0.324476    2.273307   0.024244    1.037257   0.301073
252 265 213    -0.996611   0.320353    1.089080   0.277642    0.992342   0.322425    0.222253   0.824396
251 267 214     2.968367   0.003421    2.223426   0.027490    1.617622   0.107577    2.100841   0.037113
251 268 214     3.149247   0.001930    2.060260   0.040880    1.565399   0.119328    1.727690   0.085839
251 267 213     2.111016   0.036216    0.353908   0.723845    1.777846   0.077196    2.308488   0.022162
250 267 214     1.431943   0.153974    1.735168   0.084503    1.792169   0.074864    1.662809   0.098171
252 267 214     0.229014   0.819135    2.055078   0.041384    2.170721   0.031323    1.129906   0.260089
252 268 214     2.139080   0.033840    1.748777   0.082113    2.693037   0.007781    1.234757   0.218604
252 267 213     0.572866   0.567489    0.103118   0.917995    1.088726   0.277799    1.294326   0.197288
252 268 213     2.154471   0.032595    0.664457   0.507292    2.121742   0.035292    2.651466   0.008763
252 267 212     0.412691   0.680341   -1.068655   0.286722    0.904579   0.366951    0.746657   0.456293
252 268 212     1.236107   0.218106   -0.509544   0.611032    1.481064   0.140418    1.547447   0.123594
251 267 212     2.374640   0.018668   -0.725104   0.469373    1.741453   0.083392    3.138172   0.002001
251 268 212     2.850587   0.004898   -0.068793   0.945270    1.436669   0.152627    2.423541   0.016407
251 267 211     2.644348   0.008942    0.564325   0.573269    1.494297   0.136930    2.775245   0.006126
251 268 211     1.776411   0.077433   -0.193403   0.846887    0.228335   0.819657    1.881274   0.061624
250 268 211     2.674280   0.008211    0.295867   0.767691    1.498458   0.135847    3.558450   0.000482
252 268 211    -0.442994   0.658328    0.214803   0.830164    1.483205   0.139850    0.607453   0.544351
251 269 212     2.888399   0.004370    0.503987   0.614918    2.833935   0.005148    3.690626   0.000300
251 268 213     3.023682   0.002880    0.608547   0.543628    0.797867   0.426046    1.749349   0.082014
251 269 213     4.492805   0.000013    0.921763   0.357946    3.144837   0.001958    4.019973   0.000087
251 270 213     3.467946   0.000663    1.457471   0.146810    4.097623   0.000064    4.035594   0.000082
252 269 213     3.117202   0.002140    1.479556   0.140821    2.712418   0.007358    4.732719   0.000005
252 270 213     2.436514   0.015849    0.622730   0.534292    2.062891   0.040626    3.541140   0.000513
252 269 212    -0.366723   0.714274    0.668821   0.504504    1.169673   0.243752    3.462117   0.000676
252 269 214     3.140823   0.001984    1.738729   0.083872    1.495180   0.136699    2.468836   0.014532
252 270 214     1.464339   0.144926    1.548704   0.123291    0.839163   0.402544    2.650463   0.008788
252 269 215     3.872636   0.000153    2.689448   0.007862    1.622720   0.106480    1.778988   0.077008
252 270 215     2.093133   0.037804    0.973339   0.331752    0.228632   0.819413    2.161171   0.032065
252 271 215     3.355902   0.000974    0.625923   0.532190    1.398290   0.163826    3.437301   0.000737
252 271 214     4.671855   0.000006    1.261922   0.208685    1.887770   0.060741    4.518373   0.000012
252 271 213     2.443799   0.015543    0.428522   0.668813    1.545381   0.124093    2.332450   0.020835
252 271 212     0.002432   1.000000   -0.287592   0.774015    0.354045   0.723736    0.416332   0.677678
251 271 213     4.234262   0.000037    1.959931   0.051620    3.332678   0.001053    4.481562   0.000013
251 271 212     1.372355   0.171740    0.026626   0.978966    1.501025   0.135182    2.037961   0.043085
251 271 211    -0.260068   0.795118   -0.188962   0.850349   -0.052732   0.958024   -0.021201   0.983273
252 270 212    -1.092565   0.276113   -0.807317   0.420599   -0.046640   0.962783    1.114285   0.266710
247 262 215     4.501656   0.000012    2.476277   0.014243    3.350586   0.000991    3.979459   0.000102
247 261 215     2.901490   0.004200    3.061728   0.002554    1.030033   0.304439    2.531132   0.012266
247 260 215     3.629538   0.000374    3.710373   0.000279    1.210685   0.227677    2.189397   0.029915
247 261 214     2.774983   0.006131    2.116843   0.035712    1.133433   0.258610    2.019110   0.045029
247 260 214     2.317268   0.021667    2.503326   0.013235    2.339232   0.020472    1.849841   0.066053
247 261 213     2.636886   0.009133    0.603782   0.546790    1.416856   0.158334    2.345188   0.020158
246 261 214     3.837000   0.000175    2.293706   0.023017    1.600837   0.111248    0.881253   0.379408
246 260 214     3.677163   0.000315    3.079353   0.002415    1.961172   0.051474    1.116169   0.265907
246 259 214     3.128217   0.002066    2.519542   0.012662    2.368199   0.018985    3.674378   0.000318
246 259 215     2.014853   0.045478    0.377621   0.706185    0.703648   0.482605    1.700585   0.090828
247 259 214     1.918203   0.056742    3.100624   0.002257    2.541618   0.011917    1.641103   0.102603
247 259 215     3.207436   0.001597    2.553152   0.011544    0.241235   0.809652    0.490832   0.624168
247 259 216     2.280070   0.023831    1.228975   0.220760   -0.063000   0.949848    1.459865   0.146151
248 259 215     3.184288   0.001723    1.889422   0.060518    1.805551   0.072737    2.678154   0.008121
247 260 216     2.773278   0.006162    2.292407   0.023094    0.609703   0.542862    2.346983   0.020065
247 260 213     2.848920   0.004922    1.613970   0.108367    2.850475   0.004900    2.042988   0.042580
247 260 212     1.616203   0.107884    0.995859   0.320718    2.560147   0.011323    1.203896   0.230283
245 264 214     2.545394   0.011794    3.555024   0.000488    1.223284   0.222894    0.719761   0.472651
245 262 214     3.829107   0.000180    0.681730   0.496327    1.657842   0.099172    2.940893   0.003723
245 264 212     2.401283   0.017404    2.338846   0.020493    2.107401   0.036533    2.612495   0.009784
246 264 212     1.472509   0.142711    0.492486   0.623009    1.161134   0.247195    2.397960   0.017557
245 261 213     2.934844   0.003793    1.528040   0.128340    2.890826   0.004338    1.810389   0.071981
245 262 212     2.294194   0.022988    1.689338   0.092967    0.117932   0.906276    1.471520   0.142977
244 265 213     3.916667   0.000129    1.454255   0.147699    4.260536   0.000034    1.717170   0.087748
242 263 212     3.407423   0.000817    4.668694   0.000006    3.733987   0.000256    2.163249   0.031902
241 263 212     5.174072  6.3268e-07    4.095009   0.000065    5.086087  9.4881e-07    4.594308   0.000008
241 263 213     3.842493   0.000171    2.238003   0.026504    4.385225   0.000020    2.504632   0.013188
241 264 213     4.302730   0.000028    2.915097   0.004029    3.200197   0.001636    2.530791   0.012278
241 265 213     2.817929   0.005400   -0.109290   0.913100    0.696017   0.487360    2.089857   0.038101
240 264 213     2.822154   0.005332    2.791180   0.005845    3.202645   0.001623    2.158707   0.032259
241 265 214     2.132682   0.034370   -0.016972   0.986502    0.991376   0.322897    1.135911   0.257573
241 265 215     3.457904   0.000686    2.744638   0.006701    2.514128   0.012851    1.787243   0.075659
241 266 215     0.897978   0.370454    2.456611   0.015018    1.783746   0.076228    1.747383   0.082356
242 265 215     0.586833   0.558084    2.126209   0.034912    1.977563   0.049576    1.200566   0.231570
242 266 215     0.027173   0.978507    1.940068   0.054007    1.078052   0.282520   -0.224079   0.822949
242 265 216     2.176574   0.030875    2.846859   0.004953    1.899788   0.059134    1.658264   0.099086
242 266 216     2.308155   0.022181    2.581583   0.010668    1.480459   0.140581    0.924085   0.356739
243 265 216     3.100835   0.002256    4.183710   0.000046    4.114040   0.000060    3.745530   0.000245
243 264 216     0.197392   0.843748    2.014768   0.045487    1.747644   0.082310    2.099498   0.037232
243 266 216     1.950911   0.052692    2.819595   0.005373    2.865848   0.004678    2.289380   0.023273
243 265 217     3.520095   0.000552    3.840110   0.000173    3.938497   0.000119    3.745022   0.000246
244 265 216     4.569587   0.000009    3.488850   0.000616    4.522710   0.000011    3.651949   0.000345
244 264 216     0.621018   0.535411    2.012365   0.045742    1.459419   0.146275    2.364508   0.019169
244 266 216     2.697065   0.007692    3.006296   0.003041    3.385403   0.000881    2.487386   0.013821
244 266 217     7.407327  5.5352e-12    5.074564   0.000001    5.640172  6.8557e-08    5.837009  2.5859e-08
244 267 217     2.381570   0.018331    2.036616   0.043221    2.946394   0.003661    2.098250   0.037344
244 266 218     8.236579  4.3017e-14    5.638218  6.9216e-08    5.912759  1.7671e-08    6.512089  7.8467e-10
243 266 217     6.581314  5.4156e-10    4.973610   0.000002    5.885669  2.0256e-08    6.205609  3.9441e-09
243 267 217     6.950862  7.2160e-11    4.215512   0.000040    3.905406   0.000135    5.049623   0.000001
243 266 218     6.010782  1.0749e-08    4.946054   0.000002    6.209529  3.8645e-09    5.001134   0.000001
243 266 219     3.399862   0.000838    3.304672   0.001157    4.202828   0.000042    2.280730   0.023791
243 267 219     6.055048  8.5736e-09    4.267669   0.000033    5.643172  6.7556e-08    4.034319   0.000082
242 266 219     0.701938   0.483663    1.149285   0.252032    1.932880   0.054893   -0.313366   0.754370
242 265 219     1.989276   0.048256    0.385661   0.700227    1.526480   0.128728    0.508504   0.611753
242 266 220     1.741863   0.083320    0.454785   0.649832    2.119416   0.035490   -0.653153   0.514531
241 266 219     0.526212   0.599418    1.071880   0.285275   -0.197277   0.843830   -1.327317   0.186163
241 265 219     1.453421   0.147930    2.745914   0.006676    1.285592   0.200315    1.080939   0.281237
241 266 218     1.788102   0.075520    1.079753   0.281765    1.181671   0.238967    0.542492   0.588184
241 266 220     1.189746   0.235786    0.810783   0.418614   -0.446323   0.655928   -0.009885   0.992347
240 266 219     1.296840   0.196423    2.101950   0.037014    0.617760   0.537552   -0.670325   0.503549
240 267 219     0.215757   0.829423    1.403307   0.162328    1.162275   0.246736    0.096329   0.923374
240 266 218     3.609485   0.000402    0.951174   0.342849    1.778583   0.077074    1.122937   0.263029
240 267 218     3.180701   0.001743    1.007072   0.315316    1.728336   0.085723    1.766199   0.079136
240 266 217     5.308516  3.3759e-07    2.173461   0.031113    3.304083   0.001159    2.871773   0.004595
240 265 217     4.194316   0.000044    2.191989   0.029724    2.005402   0.046488    0.926829   0.355315
240 267 220     1.755390   0.080973    3.596344   0.000421    2.048333   0.042047    0.741207   0.459578
241 265 218     1.217801   0.224969    0.557510   0.577904    0.588067   0.557256   -0.345074   0.730459
244 267 219     6.763721  2.0175e-10    4.086760   0.000067    4.929056   0.000002    2.894219   0.004294
244 267 218     7.535514  2.6530e-12    4.664855   0.000006    7.004239  5.3674e-11    5.723158  4.5566e-08
242 267 217     6.176779  4.5803e-09    3.861968   0.000159    4.767179   0.000004    5.391716  2.2765e-07
242 267 216     2.436937   0.015831    2.028702   0.044031    2.236248   0.026621    0.988475   0.324309
241 267 217     2.937959   0.003757    3.157376   0.001880    4.041879   0.000080    3.182886   0.001731
241 267 216     3.124763   0.002089    3.204867   0.001611    3.729489   0.000260    2.384214   0.018204
241 266 216     1.673573   0.096033    3.010647   0.003000    2.989729   0.003202    1.882188   0.061499
241 268 216     3.937928   0.000119    2.575212   0.010859    3.207551   0.001597    3.705906   0.000284
241 267 215     1.471210   0.143061    0.900345   0.369195    2.518725   0.012690    1.187665   0.236602
245 266 218     5.974693  1.2915e-08    3.922409   0.000127    4.341970   0.000024    3.943683   0.000117
244 264 217     2.138004   0.033928    2.363775   0.019206    2.603189   0.010043    2.723768   0.007120
244 263 217     2.179435   0.030659    1.238488   0.217222    2.157732   0.032336    1.824716   0.069779
244 262 217     4.967563   0.000002    1.450708   0.148682    4.050495   0.000077    3.627915   0.000376
242 266 214     1.135777   0.257629    1.902110   0.058828    2.206500   0.028674    1.307811   0.192683
240 262 212     3.482091   0.000631    2.279884   0.023843    1.927707   0.055539    3.847605   0.000168
240 261 212     2.790489   0.005857    1.968614   0.050604    2.217339   0.027910    4.073802   0.000070
240 260 212     1.399713   0.163400    2.428301   0.016200    2.185144   0.030230    3.055763   0.002603
240 261 211     1.541381   0.125062    0.791529   0.429722    1.117341   0.265408    1.895123   0.059754
239 261 212     2.985650   0.003243    2.776914   0.006096    2.170827   0.031315    3.524526   0.000544
239 260 212     1.695934   0.091708    1.583120   0.115231    0.998233   0.319568    2.222138   0.027578
239 261 211     3.337632   0.001036    1.109375   0.268818    2.637396   0.009120    2.756373   0.006475
239 260 211     2.815978   0.005431    2.481467   0.014045    3.267018   0.001312    2.985146   0.003248
239 260 210     4.255502   0.000034    2.638476   0.009092    4.279904   0.000031    3.205788   0.001606
238 260 211     2.783071   0.005987    2.559705   0.011337    1.045043   0.297469    2.159295   0.032213
238 260 210     5.490264  1.4202e-07    3.341998   0.001020    4.639006   0.000007    3.840538   0.000172
238 259 210     3.297827   0.001184    2.824055   0.005302    4.388121   0.000020    3.400548   0.000836
238 261 210     4.700932   0.000005    2.704755   0.007523    3.077914   0.002426    2.971725   0.003386
238 258 210     1.944783   0.053432    1.717309   0.087723    2.015409   0.045419    3.837574   0.000174
239 259 210     3.118782   0.002130    2.383518   0.018238    3.897907   0.000139    2.245757   0.025993
239 258 210     1.618688   0.107347    0.717110   0.474275    1.041152   0.299266    0.707842   0.480004
240 259 210     3.604758   0.000409    2.090249   0.038066    3.005914   0.003044    2.843415   0.005004
240 258 210     1.690265   0.092789    0.472439   0.637205   -0.410087   0.682259    0.904477   0.367005
240 259 211     1.517236   0.131043    1.625727   0.105838    1.193351   0.234375    1.276254   0.203585
240 258 211     0.737931   0.461562    0.472793   0.636965    0.248559   0.804001   -0.537524   0.591605
240 259 212     0.526319   0.599350    2.029406   0.043958    2.176139   0.030909    1.091755   0.276468
238 267 215     2.691802   0.007809    0.436888   0.662743    4.213089   0.000041    2.814594   0.005454
239 267 214     3.224438   0.001511    1.874015   0.062624    3.422792   0.000775    2.732832   0.006935
239 270 214     3.675542   0.000317    2.365454   0.019122    2.471873   0.014414    3.108567   0.002200
239 270 213     2.324963   0.021242    1.856735   0.065059    1.414955   0.158890    0.213838   0.830928
240 270 215     2.832742   0.005167    1.245329   0.214706    2.138500   0.033888    3.107953   0.002205
241 270 216     3.633358   0.000369    1.829740   0.069020    2.501708   0.013294    2.984210   0.003257
242 270 216     2.451652   0.015220    3.080590   0.002406    0.296454   0.767229    0.184092   0.854159
240 271 217     5.801648  3.0857e-08    3.881773   0.000148    4.110061   0.000061    3.831076   0.000179
240 270 218     3.773694   0.000221    1.244671   0.214945    1.440115   0.151653    2.510917   0.012964
241 270 218     2.116488   0.035742    0.614967   0.539389    1.952561   0.052495    2.332745   0.020819
241 271 217     5.855890  2.3525e-08    2.815656   0.005436    3.453436   0.000697    3.092398   0.002317
241 272 217     3.778042   0.000218    3.093823   0.002307    1.610938   0.109027    2.376077   0.018597
242 271 217     5.035630   0.000001    3.764210   0.000229    2.615035   0.009714    3.531838   0.000530
246 267 220     5.158139  6.8109e-07    3.239302   0.001438    3.742494   0.000248    4.583681   0.000009
246 266 220     4.826491   0.000003    3.293127   0.001203    2.792641   0.005820    4.531113   0.000011
247 267 220     2.370927   0.018850    3.032109   0.002804    3.200305   0.001635    2.006307   0.046390
247 266 220     2.255434   0.025367    0.989861   0.323632    1.890554   0.060366    3.703450   0.000286
247 267 221     3.916564   0.000129    3.202130   0.001625    3.939661   0.000118    4.542814   0.000010
248 267 221     5.776657  3.4947e-08    3.097925   0.002277    5.265274  4.1365e-07    5.403510  2.1521e-07
247 266 219     2.193502   0.029613    0.953115   0.341868    2.569576   0.011031    1.861993   0.064310
248 266 220     5.185477  6.0010e-07    3.095809   0.002292    3.583460   0.000441    3.988568   0.000098
248 265 220     1.778861   0.077029    0.378203   0.705752    0.974707   0.331075    1.824084   0.069875
249 265 220     2.612841   0.009774    1.994079   0.047724    1.727902   0.085801    2.800092   0.005693
247 266 218     5.100536  8.8801e-07    3.543273   0.000509    3.988242   0.000098    2.217547   0.027896
246 266 219     6.266532  2.8715e-09    3.673799   0.000319    2.830095   0.005208    4.961608   0.000002
246 269 220     5.814465  2.8945e-08    3.636724   0.000365    4.986897   0.000001    2.507461   0.013087
246 270 220     5.769379  3.6234e-08    3.025140   0.002867    3.801101   0.000200    3.233572   0.001466
247 269 221     5.656426  6.3303e-08    3.557528   0.000484    4.981364   0.000002    3.992129   0.000097
247 270 221     4.535943   0.000011    3.252486   0.001377    3.674778   0.000318    2.775922   0.006114
248 269 221     5.232341  4.8253e-07    3.004682   0.003056    4.538330   0.000011    4.785321   0.000004
249 269 221     6.972197  6.4118e-11    2.936797   0.003770    4.199514   0.000043    4.974807   0.000002
249 269 222     4.814918   0.000003    2.046252   0.042254    3.486710   0.000621    2.859625   0.004767
250 269 221     4.758127   0.000004    1.235183   0.218447    3.162855   0.001847    1.605848   0.110141
250 270 221     4.308983   0.000028    1.041349   0.299174    3.249904   0.001389    2.599159   0.010157
250 269 220     2.607895   0.009911   -0.292157   0.770514    2.149193   0.033017    1.493755   0.137071
250 269 222     5.096102  9.0626e-07    1.936792   0.054410    3.383235   0.000887    2.406470   0.017167
250 268 222     4.980391   0.000002    2.186887   0.030101    4.755122   0.000004    3.603040   0.000412
250 270 222     4.216460   0.000040    1.532146   0.127324    2.409258   0.017040    1.905350   0.058403
250 269 223     5.607098  8.0593e-08    2.142068   0.033595    4.243468   0.000036    3.721214   0.000268
251 269 222     4.985401   0.000001    2.378000   0.018504    4.009682   0.000090    4.063845   0.000073
251 268 222     5.507577  1.3064e-07    3.247391   0.001400    5.076079  9.9328e-07    5.342354  2.8774e-07
251 269 223     5.616949  7.6807e-08    2.272441   0.024298    5.079694  9.7699e-07    4.486976   0.000013
252 269 222     6.614076  4.5404e-10    2.409963   0.017009    3.553971   0.000490    5.116787  8.2415e-07
252 268 222     3.499279   0.000594    3.054820   0.002611    3.077368   0.002431    4.410747   0.000018
252 269 223     7.166798  2.1638e-11    3.343431   0.001016    5.555177  1.0376e-07    4.920520   0.000002
252 270 223     5.680329  5.6286e-08    2.323855   0.021303    3.718050   0.000271    3.621415   0.000385
252 270 224     5.007887   0.000001    3.292553   0.001205    3.905326   0.000135    2.237717   0.026523
251 270 223     4.446166   0.000016    2.956859   0.003545    5.051504   0.000001    4.529714   0.000011
251 270 224     5.464824  1.6050e-07    3.802212   0.000199    5.312216  3.3175e-07    4.849100   0.000003
250 270 223     4.850851   0.000003    2.555348   0.011474    3.819639   0.000186    2.541890   0.011909
250 270 224     3.795042   0.000204    3.233171   0.001468    3.891258   0.000142    4.257474   0.000034
250 267 222     4.994250   0.000001    4.184141   0.000046    6.214509  3.7658e-09    5.503136  1.3347e-07
250 267 221     4.198806   0.000043    3.575601   0.000454    4.261016   0.000033    4.635753   0.000007
249 267 222     5.883946  2.0432e-08    3.161454   0.001856    4.920588   0.000002    5.903064  1.8557e-08
251 267 221     2.453543   0.015143    3.104238   0.002231    2.513282   0.012881    1.990596   0.048109
251 265 221     1.798954   0.073779    0.758914   0.448946    1.119709   0.264397    0.836465   0.404054
249 267 220     5.620596  7.5451e-08    3.493533   0.000606    4.370616   0.000021    3.825168   0.000183
249 266 221     2.632493   0.009247    2.003187   0.046727    0.213677   0.831059    3.705706   0.000284
249 266 218     3.178832   0.001754    3.062330   0.002549    3.136652   0.002011    3.906849   0.000134
251 266 218     3.371429   0.000924    1.981078   0.049177    3.037964   0.002753    2.644974   0.008926
251 264 218     0.534484   0.593696    1.231088   0.219971    2.757860   0.006447    1.919299   0.056602
250 264 218     1.860958   0.064457    1.848905   0.066188    2.164045   0.031840    1.782620   0.076412
251 266 216     2.894081   0.004295    1.574266   0.117263    1.910510   0.057731    2.913745   0.004046
250 266 216     3.661233   0.000334    1.775434   0.077595    2.749039   0.006615    3.622864   0.000383
247 266 216     3.452871   0.000698    2.998809   0.003113    2.644721   0.008933    3.238539   0.001442
246 266 216     2.647365   0.008866    0.367335   0.713826    1.079531   0.281863    2.772416   0.006178
246 267 216     1.288659   0.199246   -0.368814   0.712726   -1.629084   0.105125    1.759343   0.080297
